0 3 15 2
0 91 43 18
1 31 22 12
2 56 15 10
2 59 16 13
3 15 21 19
3 25 50 16
3 39 54 18
3 63 57 3
4 59 63 6
5 60 61 6
6 9 8 19
6 15 47 19
6 52 20 3
7 4 2 20
7 59 9 1
7 92 44 6
8 0 40 1
8 3 55 10
8 20 21 19
8 25 26 10
8 52 38 18
9 8 34 19
9 15 29 1
9 20 6 20
9 25 27 14
9 28 38 2
10 51 39 19
10 95 53 8
11 75 3 15
11 88 52 18
12 38 6 9
12 79 7 3
12 84 37 11
13 31 24 4
13 50 23 14
14 0 6 12
14 10 23 6
14 20 17 5
14 71 10 6
15 39 55 9
15 50 9 7
15 52 43 7
15 81 20 7
16 48 29 8
16 65 46 8
17 44 7 15
17 85 43 5
17 94 31 1
18 2 11 17
18 96 23 13
19 62 39 3
19 71 1 8
19 91 46 3
19 95 39 9
20 3 33 15
20 15 43 1
20 31 23 18
20 63 46 1
21 36 58 6
21 53 56 5
21 58 11 4
22 23 34 2
22 64 59 18
22 97 35 7
23 13 33 13
23 48 11 6
23 77 62 13
23 97 23 6
24 16 48 3
24 22 4 4
24 35 33 10
24 57 33 11
24 77 20 5
24 98 20 13
25 0 24 4
25 14 25 1
25 20 32 2
25 67 51 11
26 16 58 16
26 27 37 7
26 48 16 9
26 77 52 6
26 92 63 5
27 4 23 14
27 7 41 15
27 56 38 8
27 61 34 15
27 96 58 17
28 6 31 6
28 8 8 6
28 63 26 11
29 5 37 5
29 17 26 14
29 44 12 6
30 12 10 2
30 34 54 15
30 38 13 7
30 47 12 17
30 76 50 19
30 79 37 15
31 3 30 20
31 63 6 12
31 93 20 16
32 16 48 17
32 48 41 15
32 64 36 1
33 34 8 17
33 36 42 14
34 12 34 8
34 21 4 17
34 38 32 2
34 79 2 9
34 84 57 1
35 10 32 12
35 19 42 6
35 22 22 19
35 62 3 13
35 71 3 13
35 82 53 3
35 95 38 8
36 5 3 2
36 29 4 9
36 80 31 15
37 29 7 14
37 82 2 16
38 47 50 13
38 79 52 17
38 87 21 15
38 90 34 10
39 6 21 14
39 20 38 8
39 31 55 17
39 50 31 5
39 63 58 6
39 73 2 20
39 93 37 14
40 49 26 14
40 53 6 2
40 55 7 16
40 69 31 6
41 4 3 3
41 7 45 4
41 40 11 6
41 49 31 10
41 53 8 14
41 58 51 4
41 65 21 14
42 10 32 12
42 46 43 7
42 62 46 20
42 75 34 20
43 16 51 12
43 24 4 16
43 97 36 17
43 98 51 1
44 5 22 6
44 33 32 7
44 36 42 1
45 6 64 15
45 15 32 6
45 31 51 9
45 39 26 1
45 50 35 3
45 93 58 1
46 11 29 12
46 86 40 2
47 21 15 19
47 40 25 11
47 41 53 18
47 55 12 9
47 58 23 6
47 65 30 18
47 69 50 6
47 74 27 5
47 80 26 20
47 90 23 15
48 22 23 20
48 24 57 9
48 43 31 17
48 57 8 9
49 7 63 17
49 47 32 9
49 65 48 13
50 1 4 14
50 31 14 10
50 72 6 3
50 89 17 18
50 93 14 9
51 14 44 7
51 91 47 19
52 0 48 3
52 3 22 13
52 25 11 6
52 28 57 13
52 39 43 8
53 38 33 2
53 47 28 7
53 49 21 19
53 74 58 1
53 80 21 20
53 87 10 2
53 90 32 14
54 2 34 6
54 18 2 13
54 59 22 14
54 96 14 4
55 16 17 14
55 21 24 15
55 53 2 18
55 65 35 12
55 66 8 18
55 69 54 1
55 76 9 12
55 79 61 3
55 87 64 4
56 54 4 1
56 59 9 12
56 61 33 19
56 78 24 18
56 96 17 20
57 22 20 8
57 23 60 3
57 35 61 14
57 67 61 19
57 82 36 18
57 95 57 7
57 98 43 9
58 16 6 18
58 26 62 6
58 40 29 2
58 65 3 17
58 66 61 20
58 69 63 11
58 80 8 4
58 90 17 5
59 96 2 16
60 17 48 3
60 29 55 16
60 36 36 6
60 44 13 8
60 85 32 9
61 1 18 1
61 78 44 17
61 92 23 13
61 96 9 12
62 51 57 6
62 71 59 6
63 6 14 3
63 8 52 7
63 15 16 20
64 16 37 8
64 24 28 15
64 43 45 8
64 48 58 20
64 57 43 19
64 77 25 1
64 97 35 8
65 40 29 19
65 53 62 15
65 80 40 6
66 21 22 18
66 40 43 11
66 41 28 16
66 47 9 4
66 49 53 5
66 53 58 12
66 65 48 15
66 74 51 7
66 76 25 20
66 79 55 10
66 87 12 17
66 90 36 15
67 0 10 17
67 3 48 16
67 14 7 7
67 22 31 16
67 51 14 1
67 52 20 8
67 71 14 6
67 91 59 17
68 2 17 3
68 18 43 2
68 54 1 17
69 16 15 10
69 21 51 14
69 53 63 18
69 65 37 19
69 76 49 3
69 79 45 2
69 87 62 16
69 90 59 9
70 1 51 9
70 50 12 3
71 10 55 13
71 51 46 6
71 57 20 8
71 82 1 19
72 81 63 18
73 15 38 7
73 31 18 9
73 50 4 10
73 63 29 5
73 70 50 6
73 81 20 15
73 89 54 9
73 93 20 12
74 21 23 4
74 33 22 8
74 34 37 14
74 55 36 15
74 79 53 5
74 85 45 6
74 87 37 8
75 46 57 3
75 62 33 20
76 38 60 8
76 40 21 4
76 49 26 7
76 53 47 13
76 90 40 4
77 1 5 4
77 13 63 3
77 22 30 13
77 32 22 8
77 43 15 5
77 98 25 13
78 1 46 14
78 26 50 7
78 27 43 13
79 40 39 17
79 47 56 18
79 53 34 3
79 76 22 1
79 87 63 7
79 90 38 2
80 16 4 14
80 21 33 2
80 55 59 13
80 66 62 20
80 69 61 6
80 74 17 3
80 90 43 11
81 3 22 14
81 39 52 3
81 45 3 17
81 50 37 17
81 63 49 6
81 93 15 17
83 16 26 7
83 21 50 17
83 32 38 11
83 36 31 13
83 43 62 11
83 58 10 11
83 66 50 4
83 69 44 15
83 74 24 11
83 80 40 10
83 87 64 13
84 30 27 14
84 38 6 13
84 79 13 10
84 87 35 11
85 5 22 16
85 21 15 4
85 32 30 1
85 33 38 16
85 36 49 13
85 44 5 16
85 80 17 8
85 83 4 2
86 11 57 1
86 17 22 10
86 37 4 17
86 75 47 15
86 88 64 12
86 99 40 18
87 12 12 13
87 21 55 19
87 30 4 7
87 34 9 7
87 47 50 8
87 76 17 15
87 80 51 13
88 37 60 19
88 46 34 17
88 75 26 17
88 99 57 13
89 45 63 1
89 70 50 13
89 72 45 19
89 81 42 12
90 21 24 1
90 30 40 20
90 40 63 3
90 65 16 13
90 74 64 4
90 83 32 2
90 87 57 5
91 14 51 11
91 62 38 14
91 71 7 17
92 27 27 11
92 78 27 11
93 1 23 17
93 15 26 13
93 72 20 1
93 89 39 4
94 5 45 1
94 29 28 14
94 32 61 3
94 37 38 4
94 43 44 19
94 44 6 14
94 60 62 9
94 82 60 17
94 85 7 12
95 51 63 1
95 62 30 2
95 82 44 3
95 91 28 20
96 2 52 14
97 13 35 11
97 16 32 2
97 24 8 9
97 26 51 13
97 32 56 6
97 48 45 10
98 13 17 8
98 23 13 4
98 32 19 17
98 48 11 13
98 64 38 9
98 97 57 20
99 11 58 14
99 29 42 4
