0 76 48 11
0 97 15 8
0 107 18 18
0 118 33 11
0 161 50 15
0 178 52 1
0 180 44 5
1 28 49 3
1 39 5 8
1 70 58 3
1 121 38 4
1 186 49 16
1 187 50 6
1 189 60 5
2 20 20 7
2 25 2 3
2 46 61 10
2 54 52 5
2 63 28 1
2 83 31 7
2 119 8 4
2 123 39 3
2 124 37 2
2 136 25 16
2 164 23 12
3 7 3 12
3 25 61 4
3 36 4 10
3 47 63 15
3 64 43 17
3 68 18 19
3 84 22 17
3 98 48 5
3 102 9 8
3 154 15 7
3 156 9 8
3 170 57 18
3 175 17 12
3 176 49 14
3 196 61 12
4 9 45 10
4 57 15 2
4 83 51 4
4 123 50 3
4 127 50 11
4 136 62 3
5 0 41 13
5 76 21 15
5 86 59 12
5 141 45 17
5 147 6 19
5 178 28 14
6 23 4 8
6 36 64 4
6 93 44 18
6 105 34 13
6 130 45 11
6 137 64 4
6 160 34 9
6 190 44 11
6 195 24 17
7 6 34 7
7 36 32 4
7 52 8 12
7 67 32 14
7 93 56 17
7 102 12 13
7 105 51 16
7 120 8 8
7 160 14 19
7 175 14 13
8 27 32 12
8 58 3 13
8 168 33 14
8 177 30 2
9 2 46 17
9 87 13 19
9 123 44 7
9 127 32 8
9 136 36 6
9 138 28 9
9 153 55 15
10 69 14 14
10 75 4 12
10 78 37 13
10 81 25 1
10 88 60 12
10 121 50 12
10 130 47 17
10 137 29 20
10 154 3 4
10 180 4 2
10 186 22 8
10 191 15 16
10 198 64 18
11 1 27 14
11 10 22 19
11 68 33 6
11 73 5 9
11 75 48 15
11 81 38 14
11 97 57 3
11 121 37 10
11 160 29 14
12 35 16 2
12 50 58 15
12 51 8 14
12 77 47 6
12 80 22 19
12 91 31 11
12 99 50 17
12 100 41 15
12 116 31 9
12 171 33 16
13 1 8 3
13 48 14 4
13 101 5 13
13 121 24 11
13 146 5 3
13 167 37 6
13 184 45 18
13 197 56 1
14 6 16 20
14 23 27 8
14 29 56 5
14 36 64 15
14 74 39 10
14 105 52 3
14 120 54 11
14 124 23 1
14 126 20 3
14 139 17 9
14 175 64 8
14 176 3 3
14 193 45 4
15 18 24 19
15 145 60 16
15 156 62 16
16 13 61 15
16 174 2 5
17 0 41 19
17 10 34 8
17 34 9 20
17 103 18 6
17 128 42 18
17 147 49 11
17 163 64 10
17 181 39 7
17 198 2 16
17 199 27 18
18 84 54 12
18 92 41 18
18 115 25 19
18 156 33 11
18 182 63 6
19 0 15 17
19 5 8 15
19 61 53 6
19 86 44 19
19 103 50 14
19 118 44 8
19 125 53 11
19 141 38 3
19 147 55 1
19 161 37 5
19 178 8 12
19 183 63 8
20 3 30 3
20 25 17 9
20 57 1 18
20 71 42 10
20 72 54 15
20 79 47 14
20 98 27 13
20 131 31 16
20 134 45 9
20 170 15 5
21 3 39 18
21 20 53 10
21 25 19 20
21 27 1 3
21 37 6 14
21 46 17 7
21 94 16 14
21 151 11 8
21 156 61 5
22 63 8 2
22 89 18 4
22 91 37 8
22 95 27 13
22 100 42 10
22 126 39 12
22 127 54 19
22 129 34 3
22 148 64 8
22 157 5 8
22 165 21 6
22 188 47 6
23 3 6 5
23 29 63 2
23 47 11 5
23 52 55 13
23 102 42 14
23 119 41 11
23 164 49 13
23 195 15 11
23 196 43 2
24 0 43 2
24 5 35 5
24 17 8 14
24 34 41 16
24 41 28 20
24 61 4 6
24 118 40 2
24 122 35 19
24 143 51 11
24 147 26 17
24 158 59 16
24 181 60 7
24 199 3 13
25 23 26 12
25 65 15 1
25 71 46 19
25 72 22 12
25 93 4 7
25 98 42 3
25 131 21 18
25 139 14 9
25 151 32 3
25 164 10 8
25 177 49 20
26 18 57 19
26 53 57 10
26 58 44 16
26 66 28 16
26 71 33 2
26 79 57 11
26 84 39 1
26 104 23 6
26 109 44 6
26 114 28 12
26 117 1 2
26 145 58 11
27 20 20 11
27 37 20 20
27 46 41 6
27 65 1 5
27 66 37 7
27 71 7 17
27 79 22 8
27 94 39 14
27 109 9 18
27 132 11 13
27 150 51 18
27 168 5 17
27 177 16 15
28 11 36 2
28 13 37 8
28 62 46 7
28 81 36 5
28 85 20 11
28 173 23 16
28 186 61 9
28 187 52 2
29 6 45 14
29 36 13 8
29 47 18 4
29 67 55 12
29 68 6 17
29 93 21 4
29 102 17 19
29 135 28 4
29 144 13 3
29 175 18 15
29 196 22 8
30 15 34 4
30 32 50 10
30 104 11 4
30 189 22 9
31 5 51 18
31 19 54 20
31 76 41 20
31 125 59 2
32 62 18 17
32 92 50 9
32 117 16 4
32 145 5 17
32 159 25 8
32 173 60 20
32 189 44 5
33 3 26 4
33 6 46 16
33 14 58 7
33 23 3 19
33 34 11 8
33 36 7 20
33 42 59 9
33 52 11 12
33 74 3 17
33 110 24 4
33 130 12 15
33 137 58 8
33 158 37 2
33 190 34 1
33 196 37 5
34 61 17 1
34 73 50 19
34 74 38 12
34 97 38 20
34 122 63 6
34 130 6 6
34 137 55 12
34 147 50 16
35 22 15 9
35 63 26 16
35 67 12 10
35 77 36 12
35 91 18 2
35 95 56 15
35 99 28 1
35 113 28 3
35 116 36 3
35 120 56 4
35 124 14 1
35 126 40 14
35 129 7 15
35 138 12 12
35 179 22 13
35 188 13 16
36 23 60 5
36 42 28 16
36 68 14 19
36 102 10 20
36 110 42 13
36 130 37 18
36 154 30 4
36 160 9 12
36 196 53 11
37 20 28 19
37 53 37 11
37 58 11 13
37 79 1 4
37 114 24 13
37 168 56 12
37 177 9 11
38 10 28 14
38 17 32 8
38 73 2 11
38 78 49 7
38 81 4 5
38 121 10 18
38 130 49 15
39 15 20 20
39 28 17 13
39 173 14 1
39 189 30 9
40 12 29 9
40 41 16 20
40 50 50 13
40 89 60 17
40 100 2 7
40 113 30 3
40 126 20 17
40 129 28 5
40 144 42 1
40 193 50 18
41 50 43 4
41 80 55 6
41 126 49 5
41 141 57 18
41 144 23 1
41 199 12 16
42 1 63 10
42 6 10 15
42 28 59 1
42 52 35 11
42 62 55 13
42 64 26 20
42 68 11 18
42 121 59 18
42 130 11 14
42 137 47 4
42 142 20 19
42 190 53 17
43 15 36 14
43 18 63 13
43 30 40 12
43 32 49 4
43 39 50 20
43 49 53 6
43 53 59 20
43 92 3 11
43 142 28 9
43 156 30 13
43 159 27 7
43 182 42 1
43 189 53 2
44 35 59 3
44 56 31 8
44 72 58 19
44 87 36 19
44 100 8 17
44 123 10 17
44 124 62 4
44 134 19 7
44 138 22 7
44 139 21 3
44 171 3 8
44 179 22 20
45 55 31 15
45 157 41 13
46 20 47 15
46 25 3 17
46 37 54 8
46 58 39 18
46 84 47 1
46 114 57 19
46 150 56 20
46 151 19 12
47 6 50 9
47 7 20 18
47 14 8 16
47 33 11 13
47 36 47 16
47 67 4 8
47 105 51 4
47 119 13 7
47 137 2 16
47 139 21 6
47 144 52 14
48 16 22 9
48 85 6 19
48 146 56 19
48 167 62 14
48 174 58 18
49 18 53 2
49 26 23 19
49 30 46 8
49 79 32 7
49 104 27 8
49 132 50 1
49 182 47 2
50 35 25 13
50 56 13 11
50 60 16 11
50 80 18 9
50 91 52 18
50 135 7 20
50 165 57 12
50 179 14 17
50 193 35 14
51 40 9 13
51 41 24 20
51 60 36 7
51 116 13 16
51 143 26 11
52 6 27 13
52 14 12 8
52 29 64 4
52 36 28 9
52 47 40 10
52 59 14 13
52 64 61 12
52 93 11 1
52 102 42 4
52 105 55 18
52 130 27 17
52 154 53 12
52 164 44 11
52 175 13 17
52 196 24 20
53 18 4 15
53 21 24 15
53 32 50 18
53 58 31 7
53 79 13 18
53 96 45 8
53 98 18 18
53 151 64 11
54 4 10 5
54 9 32 8
54 57 45 2
54 63 4 2
54 123 17 3
54 127 21 14
54 131 32 6
54 134 50 20
54 153 25 9
54 177 23 18
55 91 9 12
55 188 30 19
56 2 56 5
56 14 33 13
56 22 12 20
56 35 16 20
56 63 26 17
56 120 63 8
56 124 43 8
56 157 45 5
56 165 4 15
56 176 44 2
56 188 18 15
57 2 1 3
57 95 34 4
57 123 3 16
57 138 50 7
58 25 2 15
58 27 20 3
58 84 5 2
58 98 52 8
58 131 40 19
58 151 2 5
58 164 41 8
58 168 8 16
59 3 35 15
59 7 35 16
59 23 23 19
59 33 2 2
59 36 51 14
59 42 60 10
59 151 54 11
59 156 4 1
59 170 11 4
60 41 14 4
60 80 61 17
60 113 32 16
60 116 47 18
60 169 64 16
61 0 58 20
61 5 36 10
61 10 39 4
61 17 4 2
61 76 33 5
61 97 63 1
61 110 50 12
61 122 34 16
61 128 21 13
61 141 50 20
61 147 4 9
61 178 42 15
61 180 38 2
61 181 8 6
61 192 48 4
61 199 28 4
62 3 16 4
62 43 12 10
62 64 35 10
62 68 48 12
62 70 24 4
62 142 12 7
62 160 43 17
62 189 22 17
62 196 62 16
63 9 49 19
63 44 35 2
63 57 7 17
63 72 3 19
63 100 21 5
63 119 47 2
63 123 53 14
63 134 33 11
63 138 52 4
63 139 59 11
63 153 13 19
63 188 13 12
64 11 8 20
64 23 52 2
64 33 16 19
64 36 29 13
64 47 15 2
64 59 28 16
64 68 59 10
64 70 22 3
64 74 35 5
64 102 45 2
64 130 27 17
64 151 27 11
64 154 38 17
64 160 35 3
64 196 35 18
65 8 22 12
65 20 16 20
65 21 62 2
65 37 19 11
65 58 15 12
65 132 5 9
65 177 63 18
66 8 9 9
66 37 25 6
66 58 13 11
66 71 14 12
66 104 28 3
66 112 18 10
66 150 11 8
66 155 25 13
66 162 28 6
66 168 60 18
67 14 60 15
67 22 51 14
67 23 56 8
67 44 50 1
67 50 54 12
67 56 12 1
67 102 47 7
67 105 35 11
67 119 42 13
67 126 50 2
67 135 36 5
67 138 56 6
67 175 32 8
67 193 18 1
68 6 29 3
68 7 40 20
68 23 32 2
68 33 19 17
68 52 41 7
68 74 64 16
68 130 51 11
68 151 18 20
68 160 21 16
68 175 37 4
68 196 19 5
69 11 41 7
69 17 15 6
69 42 39 5
69 70 18 19
69 78 23 12
69 88 24 8
69 97 50 16
69 130 43 4
69 190 64 11
69 198 22 20
70 11 25 9
70 28 35 15
70 38 2 3
70 39 11 3
70 42 23 15
70 81 32 13
70 121 26 4
70 130 14 7
70 154 42 12
70 186 1 5
70 196 22 17
71 8 61 11
71 21 55 12
71 46 63 16
71 53 21 17
71 65 13 10
71 84 19 15
71 96 54 19
71 98 17 7
71 109 49 13
71 114 64 9
71 131 47 11
71 170 10 11
71 177 60 16
72 2 41 11
72 54 31 4
72 56 25 20
72 57 31 9
72 83 24 1
72 95 48 16
72 119 28 6
72 123 26 18
72 127 64 12
72 131 55 3
72 176 9 3
72 177 38 2
72 195 44 14
73 0 18 10
73 10 23 4
73 17 11 8
73 61 3 10
73 69 9 5
73 75 64 10
73 81 56 17
73 122 52 11
73 130 51 12
73 137 19 7
73 186 63 16
74 6 53 10
74 23 44 11
74 29 45 12
74 36 38 1
74 47 57 14
74 67 27 7
74 130 6 2
74 195 24 4
74 196 22 1
75 0 46 9
75 17 16 10
75 61 38 1
75 78 11 2
75 97 62 18
75 103 25 3
75 122 59 19
75 128 7 7
75 147 25 3
75 158 10 13
75 191 45 11
76 19 25 17
76 24 7 20
76 86 22 9
76 140 31 8
76 141 51 4
76 143 53 11
76 147 19 9
77 40 1 5
77 50 42 2
77 60 21 19
77 89 32 14
77 91 36 20
77 171 13 13
78 1 4 19
78 81 28 6
78 85 9 11
78 101 38 15
78 133 62 2
78 184 33 5
78 197 22 7
79 18 57 3
79 25 51 3
79 46 8 10
79 58 42 3
79 94 48 7
79 96 2 4
79 98 11 17
79 104 21 19
79 114 21 13
79 150 43 4
80 14 31 20
80 40 54 7
80 51 44 20
80 67 5 10
80 89 54 3
80 116 35 10
80 169 37 18
80 171 25 1
81 1 27 2
81 42 62 13
81 69 31 1
81 88 2 16
81 97 16 19
81 137 47 15
81 186 30 11
81 190 53 16
82 13 52 14
82 16 29 12
82 48 8 16
83 9 53 7
83 63 18 11
83 131 60 9
84 21 6 4
84 32 58 5
84 43 2 8
84 59 48 16
84 96 22 15
84 98 21 15
84 104 8 5
84 145 34 9
84 164 4 11
85 1 13 17
85 13 52 1
85 39 40 5
85 82 55 18
85 142 42 9
85 173 8 12
85 184 31 11
85 185 39 3
86 24 5 16
86 31 14 16
86 118 21 7
86 125 63 15
86 192 13 1
87 4 62 2
87 35 28 13
87 56 53 1
87 63 9 2
87 95 20 12
87 106 56 20
87 111 62 16
87 127 54 20
87 129 10 2
87 138 60 13
87 139 23 17
87 165 22 20
87 171 40 7
88 38 20 3
88 75 52 3
88 97 58 10
88 101 52 2
88 103 52 18
88 133 23 1
88 163 46 11
88 186 56 7
88 198 42 2
89 12 6 16
89 50 14 13
89 91 35 6
89 100 44 15
89 113 46 7
89 126 60 19
89 157 7 8
89 165 1 12
90 66 26 17
90 155 15 6
91 60 34 6
91 148 59 5
91 165 47 7
92 15 62 5
92 30 27 19
92 49 4 14
92 53 7 20
92 84 57 14
92 104 15 15
92 115 35 12
92 145 45 5
92 159 27 20
92 189 6 8
93 3 42 17
93 20 42 11
93 21 50 18
93 23 38 10
93 33 13 18
93 47 6 2
93 64 48 6
93 68 31 3
93 102 42 2
93 160 46 14
93 170 57 5
93 176 9 1
93 196 44 5
94 2 28 19
94 20 60 15
94 37 5 14
94 46 60 7
94 53 54 10
94 58 59 17
94 71 57 12
94 84 7 8
94 93 5 20
94 119 40 16
94 156 53 8
94 164 7 11
94 170 19 11
94 176 55 12
95 2 44 13
95 4 27 2
95 9 4 9
95 44 55 12
95 56 24 10
95 83 45 6
95 124 26 14
95 127 29 11
95 165 16 18
95 179 61 20
96 18 18 15
96 26 28 6
96 37 50 9
96 58 49 4
96 66 37 7
96 114 40 13
96 155 25 7
97 10 18 14
97 38 33 11
97 73 20 19
97 122 8 1
97 128 52 17
97 186 43 11
97 198 8 12
98 21 63 20
98 46 20 10
98 49 43 20
98 59 54 4
98 93 52 7
98 94 4 19
98 104 40 14
98 151 55 11
98 156 39 13
99 40 52 18
99 50 56 9
99 60 5 13
99 80 41 10
99 89 3 9
100 14 14 1
100 50 41 8
100 56 8 17
100 67 25 5
100 77 51 20
100 80 38 10
100 87 54 13
100 91 4 5
100 95 44 4
100 120 34 19
100 124 22 17
100 126 51 5
100 148 35 11
100 165 14 17
100 171 50 5
100 179 23 1
101 38 19 16
101 85 44 15
101 184 51 5
101 187 6 10
101 191 7 9
101 197 53 16
102 6 56 7
102 14 36 17
102 33 19 9
102 47 40 11
102 130 17 11
102 137 5 5
102 154 59 8
102 195 8 6
103 0 62 3
103 61 7 19
103 152 48 4
103 163 21 10
103 166 14 5
104 15 57 8
104 18 10 16
104 32 61 2
104 53 22 10
104 96 30 8
104 115 13 4
104 145 28 1
105 29 52 14
105 33 50 19
105 36 63 6
105 41 32 14
105 102 61 20
105 110 39 13
105 130 8 4
105 144 34 15
105 181 50 20
105 199 28 16
106 45 45 17
106 55 45 1
106 111 42 17
107 75 50 14
107 88 43 19
107 103 19 19
107 128 30 6
107 133 23 2
107 166 24 11
107 198 32 13
108 66 23 3
108 79 44 3
108 90 13 14
108 96 1 12
108 104 52 7
108 112 9 10
108 114 48 4
108 132 47 4
109 8 40 12
109 58 46 14
109 90 33 12
109 96 49 15
109 112 2 20
110 6 50 8
110 10 20 13
110 11 58 17
110 17 1 16
110 64 37 14
110 68 49 16
110 69 8 8
110 73 28 9
110 75 12 14
110 81 46 5
110 97 17 3
110 122 4 16
110 130 39 13
110 147 35 17
110 190 21 8
111 4 19 15
111 9 40 2
111 63 8 10
111 127 32 7
111 148 59 20
112 26 47 18
112 90 47 8
112 155 15 7
113 12 6 2
113 41 48 3
113 50 11 3
113 51 29 18
113 80 3 4
113 91 47 11
113 99 47 12
113 100 35 19
113 193 28 8
114 8 28 15
114 27 31 11
114 58 26 4
114 65 10 14
114 94 8 7
114 98 36 16
114 109 3 9
114 112 12 15
114 162 40 10
115 15 62 4
115 32 50 1
115 43 43 1
115 182 7 3
115 189 48 2
116 40 44 2
116 50 1 18
116 77 53 5
116 89 23 20
116 91 42 19
116 99 21 6
116 169 20 16
116 171 2 17
117 15 22 15
117 18 17 11
117 30 62 6
117 43 55 18
117 92 63 16
117 96 23 14
117 104 10 18
117 108 19 7
117 115 53 2
117 145 43 5
118 17 57 9
118 34 40 13
118 76 48 16
118 122 62 5
118 161 6 18
118 178 17 15
118 199 56 7
119 14 33 2
119 20 31 12
119 44 31 19
119 52 16 8
119 56 29 20
119 93 14 8
119 95 53 11
119 120 23 12
120 22 17 18
120 29 25 18
120 44 23 2
120 47 28 3
120 50 33 14
120 74 56 16
120 80 10 14
120 95 32 7
120 124 45 13
120 134 48 4
120 138 61 13
120 139 53 11
120 144 40 6
120 179 11 12
120 193 59 14
120 195 10 15
121 28 61 12
121 69 19 18
121 81 61 7
121 85 27 16
121 101 15 2
121 167 42 3
121 172 2 18
121 184 27 10
121 186 21 16
121 187 1 10
122 0 39 5
122 19 53 7
122 76 34 16
122 141 42 19
122 147 11 20
123 111 62 3
123 124 31 7
123 136 62 14
123 138 40 11
123 157 22 15
124 67 44 4
124 87 48 11
124 119 45 15
124 126 60 4
124 127 28 10
124 129 2 17
124 148 34 7
124 157 42 11
125 5 9 7
125 24 36 5
125 76 48 17
125 192 32 8
126 50 38 20
126 56 47 17
126 74 1 8
126 77 44 9
126 80 7 16
126 113 63 16
126 129 45 12
126 135 2 17
126 165 34 15
126 193 28 18
127 2 12 15
127 57 28 19
127 136 28 14
127 188 7 9
128 0 19 16
128 88 51 6
128 103 36 15
128 152 20 8
128 161 8 12
128 198 64 1
129 12 31 11
129 14 56 17
129 44 4 11
129 50 34 14
129 56 1 15
129 67 14 16
129 77 53 9
129 89 10 11
129 91 49 14
129 95 4 8
129 100 48 19
129 120 17 18
129 135 53 15
129 148 18 15
129 165 10 17
129 188 62 6
130 7 24 8
130 11 4 3
130 29 10 14
130 47 16 1
130 81 62 19
130 97 38 16
130 154 4 5
130 160 48 4
130 196 31 10
131 2 45 14
131 8 22 16
131 27 62 10
131 46 52 4
131 57 39 9
131 65 59 9
131 114 50 6
131 149 31 20
131 153 54 1
131 177 6 3
132 8 33 16
132 26 23 11
132 37 2 10
132 46 3 3
132 53 64 20
132 58 27 6
132 71 55 14
132 79 29 17
132 90 42 4
132 94 53 15
132 96 19 3
132 98 6 1
132 104 30 1
132 112 4 18
132 114 57 20
132 162 12 12
132 168 47 10
132 170 31 2
133 101 53 13
133 163 61 19
133 172 19 13
133 180 28 19
134 2 42 17
134 25 56 8
134 56 59 7
134 93 10 19
134 95 56 1
134 119 62 5
134 124 28 9
134 138 56 7
135 14 8 20
135 41 62 14
135 51 30 11
135 77 4 8
135 80 35 6
135 89 7 20
135 100 14 6
135 105 57 20
135 120 28 15
135 165 49 14
135 171 15 19
135 193 7 20
136 54 9 19
136 57 2 17
136 72 64 19
136 83 16 14
136 131 51 16
136 149 22 1
136 153 24 15
137 7 21 17
137 11 13 1
137 23 20 4
137 36 63 11
137 52 21 18
137 64 16 3
137 68 62 7
137 69 4 20
137 70 32 11
137 74 47 4
137 105 12 9
137 130 8 20
137 154 29 3
137 160 38 1
137 186 15 10
137 190 44 14
137 196 58 10
138 2 25 1
138 22 53 17
138 72 47 4
138 100 52 4
138 119 42 6
138 127 12 7
138 129 50 11
138 139 59 3
138 148 59 12
138 176 46 13
138 179 9 3
138 195 15 15
139 2 6 7
139 20 18 2
139 67 44 13
139 72 47 15
139 95 55 11
139 119 43 20
139 179 44 10
140 5 45 2
140 19 64 19
140 86 28 2
140 183 50 10
140 194 29 17
141 17 19 5
141 34 52 1
141 73 43 20
141 86 51 17
141 118 13 17
141 125 12 20
141 143 38 18
141 192 37 15
141 199 22 7
142 1 23 1
142 32 7 15
142 39 63 9
142 70 3 4
142 159 18 16
142 160 20 3
142 189 14 20
143 5 39 9
143 41 62 13
143 86 35 15
143 122 49 5
143 125 60 5
143 147 8 3
143 199 30 7
144 14 53 10
144 50 43 16
144 51 9 5
144 67 11 13
144 74 64 12
144 80 6 11
144 100 28 20
144 113 38 1
144 126 19 4
144 129 31 12
144 135 58 12
144 181 62 4
144 193 48 20
145 18 6 8
145 30 34 7
145 43 36 15
145 53 43 5
145 115 8 3
145 182 45 10
146 16 41 3
146 82 55 4
147 0 24 4
147 73 13 8
147 97 33 16
147 118 40 2
147 166 25 16
147 178 21 20
147 198 38 16
147 199 47 6
148 35 30 13
148 55 18 3
148 56 44 18
148 87 45 7
148 89 11 4
148 106 10 16
148 127 23 1
148 188 9 8
149 2 4 16
149 8 11 3
149 27 44 4
149 54 6 1
149 57 27 19
149 65 14 3
149 83 54 13
149 153 10 9
149 177 51 6
150 37 7 5
150 58 60 8
150 65 58 8
150 71 24 14
150 109 45 13
150 114 41 3
150 131 22 4
150 132 28 7
150 149 48 8
150 168 12 5
150 177 47 10
151 3 18 17
151 23 2 18
151 32 15 9
151 43 58 20
151 49 14 7
151 52 24 11
151 62 37 18
151 79 55 1
151 94 45 10
151 156 32 20
151 164 38 17
152 0 33 9
152 75 49 5
152 88 2 20
152 107 32 8
152 180 8 8
153 72 12 7
153 83 18 17
153 123 58 19
153 127 50 16
154 6 43 2
154 7 9 10
154 11 15 14
154 29 41 17
154 33 63 12
154 42 10 9
154 47 2 4
154 59 50 11
154 68 13 1
154 69 29 4
154 81 12 7
154 105 47 4
154 190 60 9
154 196 12 12
155 26 6 7
155 108 5 15
155 109 41 8
156 32 33 2
156 53 8 10
156 79 47 5
156 84 54 11
156 93 34 19
156 104 32 14
157 35 2 20
157 44 35 7
157 55 52 14
157 63 51 8
157 87 41 9
157 91 52 15
157 95 43 15
157 106 56 17
157 111 35 12
157 129 50 12
157 179 29 4
158 6 49 17
158 10 41 8
158 29 40 8
158 61 8 20
158 73 1 5
158 74 21 2
158 97 64 9
158 130 1 19
158 141 30 2
158 154 9 3
159 15 50 20
159 30 17 10
159 39 54 5
159 115 27 16
159 117 5 4
160 1 44 2
160 3 40 15
160 28 40 19
160 70 1 10
160 81 46 18
160 151 47 12
160 154 41 9
160 156 43 5
160 190 16 11
161 5 50 13
161 17 46 15
161 24 29 5
161 61 40 1
161 86 2 12
161 122 62 6
161 147 51 5
161 152 11 12
161 183 20 20
161 192 3 17
162 26 31 7
162 90 43 14
162 108 20 19
162 155 21 8
163 61 13 4
163 75 60 13
163 97 23 1
163 107 57 4
163 128 20 10
163 180 47 12
163 198 51 13
164 3 1 3
164 21 56 3
164 46 39 12
164 59 39 20
164 72 52 14
164 98 29 13
164 119 27 4
164 134 19 18
164 156 54 15
164 175 2 5
164 176 58 11
164 195 38 11
164 196 30 18
165 35 53 14
165 44 54 18
165 63 62 11
165 67 59 10
165 77 18 13
165 80 35 1
165 120 10 8
165 124 37 3
165 138 22 12
165 144 43 20
165 157 16 2
165 171 14 3
165 188 60 1
166 0 34 20
166 5 15 17
166 61 40 14
166 76 46 10
166 128 3 5
166 152 52 12
166 161 45 15
166 163 44 16
166 178 37 3
166 183 62 10
166 198 56 11
167 82 20 13
167 146 53 2
167 184 53 9
167 185 47 11
168 71 3 20
168 114 5 11
168 162 2 9
169 12 30 15
169 40 5 1
169 41 36 3
169 77 33 3
169 143 34 3
170 21 12 4
170 25 2 17
170 46 28 8
170 53 6 2
170 79 54 16
170 84 63 14
170 98 32 13
170 151 30 15
170 164 15 17
170 176 61 6
171 22 18 10
171 35 19 2
171 50 48 16
171 63 51 10
171 89 21 5
171 91 15 17
171 124 14 20
171 126 51 1
171 129 24 9
171 157 24 9
172 85 6 9
172 167 18 8
172 174 26 9
172 184 1 12
172 191 59 10
172 197 11 15
173 1 28 20
173 15 30 14
173 62 36 3
173 142 57 16
173 189 7 16
174 146 28 14
174 167 40 5
174 185 42 1
175 6 33 17
175 23 20 20
175 36 3 11
175 59 52 12
175 64 48 5
175 74 59 14
175 93 20 4
175 105 47 16
175 120 38 11
175 130 58 4
175 137 47 14
175 139 15 18
175 154 50 10
175 195 34 9
175 196 62 18
176 2 50 2
176 20 57 13
176 21 43 5
176 23 22 7
176 25 50 13
176 29 23 1
176 52 32 19
176 67 1 14
176 119 15 11
176 124 64 20
176 139 15 7
176 175 13 16
177 20 24 8
177 57 7 2
177 58 16 7
177 114 53 8
177 134 41 16
177 136 55 3
178 31 51 19
178 76 9 16
178 103 23 9
178 122 51 18
178 125 16 13
178 140 7 2
178 183 23 1
178 192 33 13
179 14 38 15
179 67 2 6
179 80 57 10
179 87 14 16
179 89 17 2
179 124 30 19
179 126 9 19
179 129 58 5
179 135 6 15
179 144 29 7
179 148 45 14
179 165 34 6
179 171 45 16
180 17 36 8
180 38 45 2
180 69 7 12
180 73 55 9
180 81 57 3
180 97 49 12
180 103 42 4
180 107 15 17
180 128 29 7
180 190 13 7
180 191 3 17
180 198 12 15
181 34 36 8
181 41 44 17
181 73 53 19
181 74 52 7
181 118 8 10
181 122 17 14
181 141 13 4
181 143 59 20
181 147 35 20
181 158 36 14
181 199 8 10
182 15 51 9
182 30 39 7
182 39 34 16
182 62 12 17
182 92 15 7
182 142 60 2
182 159 52 7
183 31 40 12
183 76 50 14
184 38 40 6
184 69 31 1
184 88 9 1
184 133 5 17
184 187 17 13
184 191 12 11
185 13 41 14
185 16 18 8
185 48 1 12
185 146 48 6
185 172 61 16
185 187 46 1
185 197 14 11
186 11 55 18
186 42 1 16
186 69 36 2
186 75 33 16
186 78 58 18
186 110 29 11
186 130 32 7
186 154 37 2
187 78 33 5
187 85 35 9
187 191 10 6
188 44 16 13
188 45 56 17
188 89 26 10
188 95 40 4
188 100 48 12
188 123 39 11
188 124 59 2
188 138 41 14
188 157 14 6
188 179 16 11
189 15 21 2
189 28 64 6
189 159 39 2
189 182 26 14
190 10 56 1
190 11 10 2
190 38 44 19
190 64 8 12
190 75 24 16
190 78 62 13
190 97 4 16
190 121 23 14
190 158 17 15
190 198 30 3
191 1 21 1
191 11 18 15
191 28 50 14
191 38 44 19
191 69 60 13
191 70 56 20
191 78 30 16
191 81 25 12
191 88 8 6
191 97 56 13
191 110 42 16
191 121 40 18
191 133 1 5
191 186 44 15
191 190 15 16
191 197 22 16
191 198 53 8
192 19 61 17
192 31 3 8
192 76 2 13
192 122 6 5
192 143 25 9
192 147 40 5
193 29 58 1
193 41 21 14
193 51 17 2
193 60 46 12
193 74 51 15
193 80 54 4
193 89 43 1
193 100 16 10
193 105 57 1
193 129 9 13
193 179 31 14
194 31 49 11
194 76 48 9
194 178 21 8
194 183 26 2
195 2 26 9
195 3 17 8
195 14 63 2
195 33 44 20
195 36 26 19
195 52 29 6
195 56 55 20
195 67 40 2
195 93 62 12
195 119 52 15
195 124 5 1
195 134 38 19
195 176 16 15
195 179 6 18
195 196 19 11
196 6 9 19
196 7 25 18
196 42 40 9
196 47 41 6
196 59 3 20
196 102 3 1
196 160 41 18
196 170 7 18
196 176 13 13
197 1 51 2
197 28 31 5
197 85 52 4
197 121 45 18
197 167 41 12
197 184 4 4
198 0 56 9
198 38 25 20
198 73 16 5
198 75 59 5
198 103 58 20
198 110 60 20
198 122 40 6
198 152 42 8
199 5 40 14
199 34 60 13
199 51 42 8
199 86 42 20
199 122 39 5
199 158 21 8
199 192 8 2
