0 8 53 4
0 10 41 14
0 42 44 5
0 44 38 5
0 51 35 20
0 66 17 17
0 117 39 3
0 120 55 20
0 125 30 8
0 136 55 7
0 139 54 15
0 141 27 1
0 144 63 20
0 161 23 10
0 165 55 13
0 177 3 19
0 196 57 19
1 19 24 19
1 37 21 17
1 38 57 20
1 49 45 17
1 53 21 16
1 60 23 8
1 68 35 12
1 81 26 17
1 90 26 20
1 126 52 2
1 137 36 17
1 149 60 6
1 156 7 3
1 183 34 3
2 15 60 10
2 32 2 12
2 33 48 1
2 41 60 19
2 43 12 14
2 50 55 2
2 54 48 17
2 56 33 3
2 61 13 3
2 64 42 14
2 65 37 3
2 70 57 7
2 87 6 14
2 89 49 14
2 99 11 8
2 128 35 16
2 133 55 11
2 146 20 7
2 157 56 3
2 159 14 9
2 163 57 3
2 170 18 14
2 185 20 4
3 15 6 4
3 28 56 19
3 51 47 12
3 65 49 18
3 69 61 20
3 70 3 8
3 82 44 3
3 99 19 17
3 101 25 6
3 112 11 19
3 113 31 1
3 116 33 18
3 121 4 9
3 127 16 15
3 148 20 1
3 160 33 20
3 165 54 11
3 166 28 16
3 168 10 15
3 176 6 2
3 184 47 11
4 11 17 15
4 16 38 2
4 29 28 18
4 38 33 7
4 39 35 9
4 76 42 13
4 97 29 10
4 124 51 5
4 180 55 15
4 183 21 16
4 192 49 14
5 13 51 8
5 24 47 20
5 37 58 18
5 48 5 14
5 95 30 14
5 108 5 4
5 130 10 10
5 143 21 18
5 156 45 12
5 184 25 16
6 0 40 4
6 8 28 18
6 10 14 11
6 12 43 1
6 18 18 2
6 30 33 6
6 45 40 18
6 47 15 12
6 65 38 9
6 66 16 8
6 117 21 7
6 122 50 14
6 123 64 16
6 125 26 6
6 136 26 13
6 139 60 14
6 161 5 9
6 167 51 7
6 196 37 9
7 5 62 3
7 13 33 4
7 24 59 15
7 48 5 7
7 130 53 5
7 133 57 9
7 134 45 17
7 138 6 19
7 173 17 4
7 184 9 19
7 195 27 14
8 12 35 2
8 17 56 11
8 30 28 8
8 44 55 13
8 45 11 20
8 47 52 12
8 87 63 13
8 115 43 2
8 120 12 17
8 123 18 6
8 129 51 1
8 136 34 20
8 141 50 2
8 144 22 16
8 165 22 3
8 196 23 13
9 2 10 19
9 11 39 9
9 14 36 2
9 17 45 19
9 32 64 16
9 35 30 12
9 46 54 10
9 61 9 10
9 64 40 2
9 65 43 11
9 72 2 17
9 80 10 14
9 98 31 20
9 102 28 13
9 110 53 17
9 111 12 8
9 115 38 20
9 119 9 6
9 120 2 6
9 146 64 10
9 150 60 5
9 161 17 19
9 169 30 6
9 170 47 13
9 191 49 12
9 197 30 16
9 199 20 10
10 47 41 15
10 61 2 17
10 62 51 16
10 66 56 8
10 77 55 3
10 83 41 1
10 125 32 4
10 136 30 17
10 141 8 5
11 2 7 3
11 14 33 5
11 16 48 13
11 20 48 20
11 25 61 12
11 43 50 13
11 53 50 19
11 54 50 7
11 56 2 5
11 71 6 3
11 72 54 8
11 75 5 9
11 80 64 9
11 86 48 9
11 97 19 14
11 100 14 6
11 105 40 13
11 107 53 11
11 109 58 20
11 124 13 2
11 150 28 14
11 156 6 11
11 159 15 5
11 163 18 1
11 164 44 7
11 183 44 20
11 191 64 2
11 197 25 3
12 0 49 18
12 18 50 20
12 30 30 5
12 79 41 11
12 144 38 9
12 158 26 8
12 194 31 14
12 196 16 17
13 35 29 10
13 48 8 12
13 72 38 7
13 93 44 9
13 95 57 5
13 106 4 5
13 131 50 9
13 134 3 20
13 137 24 6
13 147 20 1
13 149 55 15
13 153 27 16
13 156 33 17
13 163 54 19
13 193 1 7
13 195 42 18
14 15 10 16
14 16 25 2
14 20 9 2
14 25 19 1
14 26 16 5
14 37 6 20
14 49 58 14
14 53 11 5
14 60 31 10
14 72 63 4
14 75 32 7
14 89 64 2
14 98 59 3
14 108 56 6
14 119 44 12
14 124 45 13
14 133 36 20
14 156 47 16
14 159 2 5
14 169 62 11
14 170 18 17
14 180 30 16
14 183 55 12
14 198 40 6
15 9 13 3
15 17 38 18
15 20 22 14
15 25 60 17
15 65 28 5
15 66 41 8
15 77 54 1
15 82 19 17
15 88 17 1
15 111 29 14
15 114 30 20
15 115 56 20
15 117 35 7
15 119 49 1
15 136 19 16
15 148 19 3
15 157 26 7
15 177 20 14
15 185 12 7
15 198 3 5
16 25 60 8
16 34 53 18
16 40 21 4
16 46 26 19
16 71 23 5
16 75 42 4
16 76 16 8
16 85 6 19
16 94 1 4
16 98 61 8
16 105 51 17
16 162 3 15
16 174 22 3
17 0 10 11
17 2 51 6
17 10 27 5
17 30 24 17
17 32 24 18
17 40 49 12
17 42 47 6
17 44 2 3
17 66 7 10
17 87 62 20
17 88 12 17
17 91 20 8
17 111 25 19
17 123 32 3
17 136 2 19
17 144 23 11
17 146 21 3
17 171 26 20
17 177 53 18
17 194 31 6
18 0 8 2
18 8 48 18
18 44 50 3
18 51 19 10
18 79 10 1
18 104 35 16
18 125 41 10
18 129 17 15
18 136 10 12
18 144 6 7
18 167 48 6
18 194 56 19
18 196 63 5
19 4 25 4
19 22 9 3
19 29 19 12
19 38 61 8
19 39 46 8
19 49 64 14
19 53 35 15
19 60 24 15
19 68 30 1
19 97 13 5
19 100 13 17
19 135 11 18
19 162 48 4
19 164 27 13
19 180 29 10
19 192 47 18
20 2 9 19
20 9 63 13
20 16 28 10
20 32 54 18
20 33 4 14
20 34 33 14
20 35 11 14
20 39 7 2
20 40 20 7
20 43 13 11
20 54 43 6
20 61 22 9
20 64 23 19
20 85 8 4
20 96 13 10
20 98 34 20
20 100 26 16
20 107 31 8
20 110 18 14
20 121 27 15
20 150 44 18
20 153 53 13
20 159 59 4
20 162 57 13
20 163 63 17
20 181 45 8
20 187 57 6
20 190 44 17
20 197 47 15
21 0 12 10
21 6 12 10
21 8 32 12
21 9 34 7
21 10 22 20
21 44 58 15
21 57 37 4
21 61 52 11
21 64 3 12
21 65 30 19
21 107 43 16
21 114 13 19
21 117 38 11
21 136 36 8
21 144 27 18
22 1 5 4
22 4 29 1
22 11 19 17
22 31 59 7
22 37 27 9
22 49 47 8
22 53 55 8
22 60 24 11
22 72 28 10
22 75 13 6
22 76 38 8
22 81 52 8
22 90 56 5
22 92 41 9
22 97 32 14
22 98 63 17
22 100 27 11
22 110 47 10
22 133 60 12
22 135 17 12
22 149 16 14
22 163 52 9
22 198 48 7
23 27 7 14
23 46 50 17
23 78 6 13
23 190 48 14
24 13 11 19
24 74 32 8
24 84 19 10
24 95 35 18
24 108 9 4
24 116 29 19
24 134 8 4
24 138 21 16
24 149 29 19
24 151 54 12
24 152 63 10
24 154 40 10
24 155 47 7
24 175 34 12
24 176 7 10
24 184 1 11
24 193 48 15
25 2 33 8
25 9 43 1
25 22 20 6
25 37 55 1
25 50 8 1
25 53 36 1
25 89 40 3
25 96 60 16
25 100 3 5
25 102 36 20
25 119 15 19
25 133 20 12
25 156 7 9
25 157 44 20
25 159 34 14
25 163 26 18
25 170 49 20
25 183 7 19
25 197 16 16
26 11 31 11
26 16 44 8
26 20 8 17
26 25 33 6
26 34 19 8
26 56 33 1
26 71 31 19
26 75 3 12
26 80 55 16
26 100 38 11
26 105 41 20
26 110 30 6
26 114 13 2
26 164 57 4
26 174 63 7
26 187 37 5
27 9 30 6
27 16 47 20
27 32 51 6
27 33 47 1
27 34 32 9
27 56 39 15
27 78 19 10
27 80 7 10
27 87 19 19
27 114 47 19
27 146 16 2
27 150 14 17
27 157 57 2
27 159 48 12
27 187 8 7
27 199 27 9
28 101 30 2
28 112 22 10
28 113 48 18
28 116 6 20
28 127 36 1
28 140 48 11
28 148 6 6
28 152 42 1
28 154 46 13
28 165 46 3
28 167 11 9
28 176 19 1
28 188 60 11
29 1 50 5
29 22 25 12
29 31 52 12
29 38 9 4
29 60 24 1
29 100 9 10
29 135 25 19
29 162 11 18
29 164 44 6
30 0 59 15
30 3 47 13
30 18 49 19
30 65 59 11
30 73 2 14
30 77 26 11
30 88 43 7
30 99 34 19
30 111 60 5
30 112 9 18
30 115 3 2
30 123 1 14
30 125 36 1
30 129 47 6
30 144 29 10
30 145 33 19
30 161 2 16
30 177 20 6
30 185 25 4
31 4 21 2
31 16 62 9
31 19 15 12
31 26 62 7
31 34 60 1
31 53 38 12
31 76 8 3
31 86 30 2
31 92 11 16
31 97 54 4
31 100 59 4
31 164 49 13
31 183 23 18
32 15 32 15
32 33 39 19
32 42 43 7
32 44 11 8
32 46 50 1
32 47 23 2
32 61 11 8
32 65 60 11
32 80 63 18
32 83 28 18
32 87 18 3
32 91 21 12
32 109 40 3
32 111 5 7
32 115 49 13
32 161 58 4
32 174 58 9
32 187 54 14
33 9 61 14
33 11 4 14
33 15 63 11
33 17 63 18
33 21 30 5
33 25 43 17
33 43 47 15
33 54 57 17
33 57 41 1
33 77 16 20
33 83 9 13
33 85 31 1
33 87 20 11
33 88 42 13
33 89 15 1
33 91 8 2
33 98 10 8
33 103 23 3
33 110 39 11
33 120 48 8
33 125 27 14
33 139 11 17
33 146 23 6
33 174 3 7
34 11 56 12
34 43 3 19
34 58 62 15
34 64 36 20
34 76 44 16
34 80 56 11
34 94 58 5
34 105 58 2
34 142 24 6
34 199 6 19
35 2 52 16
35 3 16 11
35 14 7 7
35 15 36 4
35 25 19 16
35 37 44 11
35 54 2 8
35 61 9 14
35 65 52 20
35 69 2 18
35 70 53 15
35 72 26 17
35 82 62 1
35 108 31 7
35 115 39 2
35 117 4 11
35 119 12 19
35 128 48 13
35 133 25 8
35 148 46 12
35 153 42 20
35 156 29 14
35 157 50 18
35 161 37 11
35 163 20 14
35 170 28 4
35 177 44 15
35 191 8 20
35 199 26 11
36 5 4 14
36 13 53 18
36 24 36 18
36 48 1 3
36 67 44 17
36 106 42 6
36 131 34 4
36 143 4 7
36 149 29 8
36 151 61 20
36 154 17 14
36 168 63 7
36 176 34 10
36 178 37 10
36 184 19 6
37 13 48 13
37 24 61 13
37 84 8 4
37 96 13 5
37 98 9 14
37 100 13 6
37 108 50 20
37 121 33 9
37 147 13 9
37 149 9 6
37 153 17 8
37 155 36 2
37 163 1 7
37 191 14 16
38 22 54 12
38 60 27 11
38 68 39 15
38 75 11 13
38 124 15 18
38 137 24 7
38 164 45 18
38 180 30 10
38 183 43 5
38 192 8 6
39 11 33 9
39 14 59 10
39 22 55 1
39 25 48 15
39 26 21 15
39 29 23 6
39 31 20 7
39 34 15 17
39 37 43 18
39 38 22 6
39 49 7 11
39 53 58 1
39 60 44 3
39 71 11 15
39 72 54 19
39 76 20 7
39 81 33 5
39 89 14 17
39 97 1 15
39 100 57 18
39 102 23 11
39 135 7 4
39 153 14 13
39 162 62 18
39 170 37 18
39 180 61 4
39 183 62 15
39 191 12 13
39 197 13 10
39 198 48 18
39 199 42 5
40 9 62 5
40 11 23 14
40 15 16 6
40 21 37 2
40 25 33 18
40 26 19 15
40 33 3 1
40 43 57 16
40 46 58 6
40 50 8 19
40 61 49 19
40 64 13 7
40 78 40 14
40 80 37 15
40 83 45 4
40 85 40 12
40 89 23 4
40 102 60 3
40 105 9 7
40 110 41 11
40 111 52 12
40 114 58 10
40 142 59 3
40 150 48 2
40 157 10 16
40 159 35 8
40 170 55 14
40 171 59 1
41 3 37 2
41 9 14 14
41 25 45 19
41 35 19 6
41 50 39 14
41 54 19 14
41 61 60 15
41 65 59 20
41 99 34 6
41 108 51 13
41 110 12 17
41 115 14 2
41 117 42 12
41 119 3 10
41 130 36 7
41 152 23 19
41 157 32 1
41 161 15 2
41 175 53 8
41 181 21 1
41 182 16 5
41 185 37 16
41 191 49 5
41 197 25 11
42 6 28 15
42 18 22 16
42 30 7 14
42 45 4 12
42 47 34 15
42 65 22 13
42 88 10 5
42 91 50 12
42 103 41 19
42 104 64 16
42 117 34 10
42 118 1 11
42 120 35 5
42 122 12 12
42 123 2 3
42 144 35 19
42 171 28 9
42 194 64 18
43 9 43 7
43 23 19 16
43 25 35 5
43 26 37 16
43 27 33 11
43 55 22 20
43 56 63 13
43 57 11 3
43 64 50 11
43 78 3 10
43 85 10 5
43 86 37 15
43 102 43 7
43 109 3 8
43 110 22 20
43 157 22 4
43 159 6 9
43 170 53 19
43 171 64 4
43 174 11 12
43 199 21 10
44 6 31 3
44 10 44 11
44 12 61 9
44 15 58 14
44 30 50 1
44 42 28 1
44 47 17 17
44 61 31 3
44 66 61 6
44 69 18 4
44 79 27 17
44 103 8 14
44 104 37 3
44 118 43 10
44 120 1 12
44 129 26 7
44 136 15 9
44 146 47 7
44 157 40 15
44 165 39 10
44 177 41 16
44 185 9 18
44 196 28 5
45 0 40 5
45 44 14 18
45 79 37 18
45 104 55 14
45 122 55 15
45 136 14 6
45 141 17 11
45 144 41 10
45 167 39 20
46 2 3 18
46 11 13 3
46 26 24 16
46 27 41 9
46 33 9 12
46 34 44 11
46 43 49 8
46 54 57 10
46 55 58 6
46 57 39 2
46 64 20 19
46 71 35 16
46 78 38 11
46 80 50 5
46 83 52 7
46 89 45 6
46 102 30 7
46 107 42 11
46 146 31 10
46 150 51 13
46 159 61 7
46 174 56 9
46 190 52 6
47 0 30 6
47 17 44 20
47 33 51 14
47 57 37 3
47 61 46 13
47 62 39 6
47 65 36 19
47 88 62 10
47 122 58 13
47 125 34 19
47 136 10 18
47 157 35 10
47 161 30 12
47 181 36 7
48 59 13 10
48 84 46 14
48 93 21 13
48 95 61 15
48 116 49 9
48 133 13 4
48 134 22 5
48 140 53 19
48 148 8 6
48 151 5 13
48 154 31 5
48 155 55 6
48 168 24 16
48 182 27 7
48 184 27 12
48 188 10 7
49 4 33 17
49 11 25 13
49 16 5 3
49 26 14 2
49 29 44 20
49 31 39 7
49 38 27 6
49 56 38 7
49 81 43 8
49 97 31 1
49 162 53 1
49 163 25 16
49 164 28 10
49 170 60 14
49 183 18 6
49 197 58 11
49 199 25 8
50 9 64 15
50 11 36 3
50 14 16 12
50 15 32 17
50 33 49 7
50 35 30 19
50 37 52 4
50 65 32 9
50 69 6 13
50 70 48 3
50 76 2 13
50 82 48 11
50 119 23 15
50 128 17 10
50 133 33 19
50 150 51 7
50 156 3 15
50 161 47 15
50 163 28 6
50 170 42 11
50 191 30 6
50 199 32 19
51 12 14 16
51 28 1 4
51 30 28 10
51 112 9 10
51 127 55 13
51 129 40 16
51 158 50 6
52 1 29 12
52 19 19 19
52 38 30 6
52 53 42 18
52 137 29 17
52 147 47 5
52 149 41 11
52 192 62 9
53 29 57 19
53 38 30 6
53 81 39 9
53 92 17 12
53 98 56 1
53 124 6 13
53 126 53 8
53 164 4 6
53 183 28 8
54 9 18 3
54 14 34 14
54 15 26 8
54 26 35 19
54 37 5 14
54 39 52 17
54 43 22 3
54 49 50 8
54 50 30 14
54 56 14 1
54 85 60 15
54 89 14 9
54 96 54 19
54 103 63 11
54 107 54 19
54 150 32 6
54 156 7 8
54 157 62 15
54 161 30 12
54 162 41 3
54 163 19 16
54 180 18 15
54 181 19 5
54 197 19 20
55 23 48 20
55 27 42 3
55 58 15 14
55 85 18 19
55 94 31 9
55 171 58 10
55 187 4 3
56 14 5 5
56 16 53 13
56 25 13 16
56 31 23 19
56 33 24 15
56 34 26 15
56 39 3 3
56 40 32 15
56 46 17 12
56 50 64 17
56 71 48 11
56 75 14 6
56 76 3 5
56 85 55 2
56 86 46 16
56 102 32 4
56 105 60 15
56 109 22 10
56 164 35 17
56 170 50 16
56 197 26 5
56 199 32 15
57 2 3 13
57 9 29 4
57 10 63 4
57 32 33 3
57 40 11 14
57 54 16 14
57 55 33 12
57 61 9 10
57 65 60 14
57 78 55 14
57 80 26 14
57 83 6 19
57 91 55 6
57 102 12 5
57 103 49 18
57 109 61 16
57 115 37 19
57 125 1 13
57 157 11 12
57 181 5 16
57 190 63 16
58 16 10 11
58 23 17 16
58 26 22 14
58 46 26 11
58 85 60 3
58 94 29 16
58 102 6 4
58 105 61 16
58 109 34 16
58 150 58 18
58 159 21 18
58 174 40 4
59 3 12 6
59 28 9 8
59 93 36 14
59 101 6 11
59 106 47 17
59 113 23 9
59 127 54 20
59 140 7 4
59 143 16 1
59 145 57 7
59 152 18 17
59 166 17 15
59 182 38 13
59 189 19 17
59 195 30 10
60 4 34 13
60 11 50 14
60 25 14 16
60 31 58 3
60 37 17 9
60 50 2 19
60 52 31 19
60 54 11 2
60 68 53 15
60 75 48 9
60 92 16 8
60 95 23 15
60 97 20 10
60 119 36 5
60 135 35 10
60 153 20 3
60 162 37 8
60 170 20 14
60 179 14 19
60 198 4 6
61 42 7 18
61 54 18 18
61 62 27 14
61 65 62 3
61 91 48 7
61 103 3 6
61 115 57 15
61 125 48 9
61 136 21 1
61 139 14 4
61 146 7 11
61 150 4 8
61 171 59 13
61 181 44 18
61 197 18 11
62 17 4 20
62 21 33 13
62 23 31 2
62 27 60 5
62 33 22 6
62 40 57 9
62 46 44 5
62 55 46 12
62 57 10 14
62 77 46 13
62 78 16 2
62 80 40 19
62 87 53 15
62 91 26 11
62 103 11 1
62 109 45 6
62 139 11 3
62 142 17 14
62 150 43 6
62 157 51 18
62 159 14 18
62 187 27 11
63 0 62 13
63 6 18 19
63 10 13 12
63 12 47 13
63 18 21 14
63 42 43 9
63 44 48 16
63 45 53 2
63 47 8 8
63 73 10 9
63 139 13 13
63 144 56 18
63 194 52 11
63 196 20 7
64 11 8 20
64 14 57 5
64 15 47 20
64 16 19 8
64 17 47 19
64 25 59 13
64 26 16 5
64 32 19 11
64 33 43 17
64 54 58 7
64 56 8 19
64 57 61 1
64 62 53 16
64 65 49 12
64 71 20 9
64 76 2 18
64 80 60 9
64 85 20 10
64 98 51 4
64 102 37 15
64 105 7 1
64 109 52 2
64 110 48 14
64 111 56 11
64 114 7 11
64 120 53 5
64 159 43 13
64 171 40 8
64 174 6 6
64 191 41 1
64 197 26 15
64 199 56 9
65 0 14 2
65 8 4 2
65 17 20 13
65 20 37 15
65 33 13 3
65 44 26 3
65 77 36 2
65 82 48 18
65 96 60 15
65 99 38 12
65 103 28 19
65 111 34 15
65 125 59 2
65 136 5 4
65 146 53 14
65 161 27 13
65 181 23 13
65 185 53 6
65 197 49 5
66 2 7 18
66 30 24 10
66 32 50 9
66 45 1 1
66 47 16 4
66 57 15 4
66 61 43 9
66 63 4 13
66 65 53 14
66 69 54 1
66 77 33 1
66 91 38 10
66 99 49 14
66 104 21 20
66 118 13 17
66 120 58 9
66 123 49 6
66 129 15 9
66 139 41 19
66 141 57 7
66 146 33 13
66 161 1 14
66 177 42 11
66 181 26 14
66 194 32 9
67 3 41 9
67 5 19 1
67 13 63 6
67 24 26 4
67 48 21 18
67 59 29 7
67 84 17 12
67 95 36 9
67 101 16 12
67 106 64 5
67 108 55 19
67 134 37 5
67 138 60 1
67 149 13 7
67 166 30 19
67 168 48 12
67 173 22 19
67 188 7 11
67 198 37 11
68 13 44 3
68 22 58 12
68 29 50 9
68 37 48 4
68 49 15 1
68 53 13 7
68 81 40 4
68 90 11 9
68 135 18 20
68 137 64 9
68 147 59 12
68 149 42 3
68 156 18 10
69 2 4 8
69 30 42 20
69 65 46 1
69 99 24 15
69 111 9 20
69 117 59 3
69 119 43 14
69 121 49 7
69 128 34 6
69 129 48 4
69 132 57 15
69 140 39 14
69 157 15 10
69 182 36 15
69 185 55 15
70 15 9 5
70 41 6 3
70 69 36 3
70 72 45 15
70 111 44 20
70 128 11 7
70 133 8 3
70 148 60 10
70 152 31 11
70 168 28 5
70 177 40 19
70 182 25 11
71 4 44 3
71 14 15 9
71 34 11 11
71 43 48 19
71 49 29 15
71 58 2 20
71 75 30 4
71 80 40 6
71 86 36 9
71 89 49 6
71 92 34 7
71 94 39 11
71 97 40 1
71 109 62 13
71 124 6 15
71 159 31 6
71 164 12 18
71 174 62 13
71 190 37 8
72 2 55 19
72 15 34 18
72 20 4 7
72 25 36 8
72 41 60 5
72 60 19 4
72 69 25 16
72 76 58 3
72 82 43 2
72 89 14 17
72 108 49 9
72 110 15 12
72 121 43 3
72 149 34 13
72 153 9 2
72 163 47 7
72 175 2 14
72 179 3 20
72 180 16 20
72 184 7 2
72 191 34 2
72 197 24 15
72 199 10 5
73 0 50 10
73 6 15 2
73 8 30 3
73 12 59 13
73 18 63 1
73 45 4 7
73 122 29 2
73 123 58 12
73 141 33 11
73 158 36 9
73 165 35 14
73 194 2 16
74 7 34 15
74 59 43 18
74 67 54 3
74 84 23 5
74 101 60 12
74 106 51 16
74 113 45 2
74 116 21 5
74 152 42 18
74 166 35 14
74 173 15 10
75 19 18 19
75 25 17 5
75 29 46 7
75 31 62 9
75 39 44 13
75 49 28 6
75 76 24 4
75 89 49 9
75 92 58 8
75 98 16 18
75 110 1 4
75 135 31 8
76 2 20 1
76 9 45 8
76 14 29 3
76 25 28 17
76 33 50 15
76 37 59 7
76 40 58 18
76 43 33 11
76 53 2 9
76 54 9 19
76 71 43 14
76 86 8 11
76 98 15 7
76 108 5 19
76 114 37 6
76 124 32 19
76 133 40 5
76 163 12 10
76 164 35 7
76 180 25 8
76 197 47 9
76 198 51 12
77 6 18 19
77 8 40 17
77 32 8 15
77 40 20 19
77 42 20 13
77 44 2 14
77 63 12 16
77 99 46 4
77 111 35 5
77 114 35 13
77 117 50 6
77 118 33 1
77 123 37 2
77 136 55 1
77 139 55 3
77 141 58 2
77 144 2 17
77 177 15 10
77 187 6 7
77 194 61 17
78 32 22 16
78 55 12 2
78 58 29 5
78 80 37 12
78 94 48 2
78 105 18 4
78 142 51 14
78 171 64 12
79 0 2 7
79 3 51 4
79 6 39 15
79 28 3 5
79 30 63 2
79 51 64 20
79 69 4 1
79 73 32 14
79 118 8 13
79 127 48 7
79 145 54 17
79 148 30 19
79 158 49 20
79 165 10 13
79 167 9 3
79 177 36 11
80 16 31 15
80 23 8 7
80 33 39 16
80 55 28 5
80 56 2 3
80 58 6 10
80 83 13 6
80 94 26 9
80 107 15 5
80 109 30 13
80 159 7 16
80 174 31 6
80 187 51 16
80 199 62 20
81 13 13 20
81 29 14 15
81 38 13 6
81 52 37 1
81 60 61 2
81 72 64 11
81 84 48 3
81 90 48 15
81 126 52 12
81 133 44 2
81 147 53 15
81 149 4 3
81 153 50 6
81 183 2 8
81 198 20 2
82 2 46 9
82 9 62 13
82 14 61 3
82 25 25 3
82 37 42 18
82 54 40 10
82 61 12 3
82 66 60 3
82 69 26 9
82 70 37 1
82 96 4 6
82 108 53 17
82 111 8 7
82 121 25 3
82 125 29 10
82 128 29 9
82 148 6 8
82 153 12 11
82 175 8 15
82 198 30 11
83 17 36 1
83 21 48 2
83 27 42 20
83 47 18 19
83 55 44 10
83 61 55 12
83 62 58 9
83 64 37 16
83 77 5 15
83 78 43 16
83 87 58 15
83 88 14 6
83 91 7 9
83 139 41 16
83 150 19 4
83 157 16 6
83 181 23 20
84 7 58 20
84 13 19 2
84 36 61 10
84 93 57 8
84 131 9 1
84 137 1 1
84 138 29 11
84 147 43 13
84 149 23 4
84 151 44 7
84 155 33 1
84 173 33 20
84 175 9 2
85 2 46 6
85 9 64 15
85 11 64 5
85 23 21 14
85 26 10 13
85 32 24 17
85 46 28 13
85 57 31 16
85 61 2 20
85 62 48 11
85 76 41 19
85 78 49 15
85 83 52 7
85 89 52 2
85 94 22 13
85 107 27 7
85 171 12 12
85 181 25 3
85 199 35 1
86 4 14 2
86 16 45 2
86 26 56 16
86 34 40 14
86 39 14 1
86 75 41 10
86 92 39 12
86 102 52 14
86 164 1 16
86 180 13 10
87 10 55 4
87 20 13 15
87 21 51 9
87 40 31 6
87 42 31 17
87 43 29 16
87 44 55 11
87 64 4 13
87 65 33 7
87 66 31 19
87 77 37 9
87 85 41 2
87 111 20 18
87 117 22 14
87 120 6 10
87 123 62 5
87 136 56 7
87 144 43 20
87 150 57 15
87 181 16 4
88 0 27 19
88 6 55 2
88 8 56 2
88 9 30 9
88 10 53 13
88 21 63 20
88 32 37 19
88 44 35 16
88 57 29 4
88 61 34 19
88 64 31 18
88 65 22 15
88 66 50 13
88 77 29 18
88 87 52 13
88 91 28 11
88 103 17 19
88 111 62 11
88 114 17 1
88 122 55 2
88 136 47 2
88 141 15 5
88 146 54 6
88 171 12 17
88 181 35 6
88 187 43 13
88 194 50 17
89 9 48 16
89 11 2 8
89 16 48 18
89 20 42 4
89 22 12 11
89 26 32 17
89 27 37 11
89 31 41 6
89 34 33 1
89 50 18 12
89 60 4 17
89 64 42 20
89 76 51 20
89 80 34 2
89 86 30 16
89 98 40 16
89 102 30 1
89 105 26 4
89 107 14 20
89 109 30 14
89 162 22 15
89 163 42 18
89 164 31 18
89 170 14 19
89 187 54 9
89 190 45 9
89 197 37 18
90 19 3 12
90 29 12 5
90 38 50 18
90 53 35 8
90 60 52 18
90 126 34 1
90 135 26 15
90 147 15 9
90 183 18 5
91 10 16 3
91 27 43 2
91 47 13 16
91 55 62 14
91 64 31 18
91 77 13 9
91 85 12 3
91 103 64 3
91 107 21 1
91 114 52 14
91 120 31 8
92 4 45 11
92 11 2 9
92 26 38 15
92 38 49 11
92 39 55 8
92 49 20 4
92 89 25 13
92 100 32 20
92 164 35 18
92 183 10 9
93 7 5 18
93 24 33 3
93 36 45 15
93 67 61 4
93 70 40 4
93 74 64 6
93 101 51 7
93 106 54 4
93 113 37 16
93 128 31 14
93 130 27 3
93 131 53 9
93 138 42 2
93 140 15 12
93 148 28 19
93 151 3 13
93 155 37 17
93 166 49 15
93 176 2 2
93 178 46 9
93 184 55 10
93 188 37 12
93 189 32 6
94 26 46 19
94 43 58 20
94 46 35 16
94 56 4 14
94 107 34 2
94 109 39 6
94 142 1 6
94 150 49 14
94 174 2 7
94 187 5 17
94 190 7 20
95 22 59 2
95 25 21 4
95 35 21 12
95 37 16 4
95 41 12 8
95 50 45 5
95 54 42 5
95 72 38 16
95 81 14 13
95 82 25 20
95 84 45 20
95 96 12 4
95 130 28 17
95 149 13 2
95 152 5 20
95 153 23 12
95 156 5 17
95 170 8 9
95 179 30 8
95 184 59 16
95 193 31 18
96 2 2 2
96 3 58 3
96 13 23 2
96 14 48 1
96 15 16 6
96 35 49 13
96 41 40 16
96 50 58 14
96 69 26 3
96 70 24 3
96 72 46 16
96 98 32 6
96 99 51 13
96 110 21 16
96 113 51 5
96 133 41 19
96 152 16 3
96 156 51 3
96 175 39 9
96 177 5 4
96 181 39 9
96 184 54 13
96 197 56 7
97 29 12 20
97 38 2 4
97 75 7 10
97 86 61 20
97 89 32 18
97 100 31 8
97 162 18 4
97 183 17 15
97 192 26 3
98 2 62 19
98 11 43 17
98 15 43 11
98 35 64 12
98 39 12 20
98 40 3 20
98 49 1 9
98 50 41 6
98 54 48 8
98 60 7 4
98 72 27 8
98 82 19 7
98 100 57 12
98 108 16 14
98 109 64 2
98 111 45 18
98 119 40 6
98 121 47 1
98 133 9 2
98 157 32 16
98 163 50 7
98 183 18 1
98 197 64 2
98 198 56 19
98 199 39 20
99 0 61 10
99 8 41 16
99 15 17 10
99 17 63 4
99 21 55 4
99 35 31 6
99 42 2 12
99 44 4 5
99 61 41 10
99 70 22 7
99 79 18 20
99 87 56 7
99 88 57 13
99 104 39 10
99 112 35 8
99 121 2 3
99 125 21 4
99 129 46 11
99 144 53 16
99 148 41 13
99 157 59 14
99 161 48 7
99 177 39 5
100 4 4 19
100 14 50 9
100 16 63 10
100 34 17 17
100 38 30 4
100 49 9 3
100 53 58 17
100 54 9 6
100 56 11 10
100 60 17 9
100 75 20 15
100 76 45 8
100 86 50 9
100 89 59 9
100 135 32 13
100 153 10 2
100 162 38 1
100 191 34 2
100 197 27 7
101 24 52 1
101 48 39 8
101 70 50 8
101 106 26 2
101 127 46 6
101 132 9 15
101 134 32 18
101 145 28 2
101 154 9 2
101 160 36 20
101 166 53 17
101 182 31 15
101 188 33 17
101 189 16 2
101 195 62 12
102 2 15 2
102 11 59 10
102 26 24 9
102 27 20 16
102 50 39 15
102 54 48 3
102 55 38 5
102 61 51 2
102 62 52 6
102 76 23 18
102 78 63 12
102 80 55 18
102 85 20 11
102 87 57 16
102 98 8 3
102 103 47 12
102 105 23 19
102 107 6 6
102 109 22 3
102 114 23 2
102 159 18 14
102 199 40 4
103 9 20 17
103 10 26 18
103 15 1 1
103 17 59 4
103 20 40 4
103 21 44 19
103 27 25 11
103 32 56 10
103 47 1 15
103 50 25 5
103 66 33 2
103 77 22 15
103 80 35 13
103 83 47 3
103 87 8 17
103 99 38 11
103 109 64 10
103 114 26 2
103 115 15 16
103 120 25 17
103 150 51 1
103 161 29 1
103 170 26 17
103 187 9 3
103 197 10 2
104 0 51 20
104 63 19 15
104 79 44 12
104 112 1 3
104 117 45 7
104 118 17 2
104 123 9 8
104 129 3 13
104 161 15 2
104 165 54 12
104 167 56 19
104 196 44 9
105 23 22 16
105 27 57 3
105 43 64 15
105 55 7 13
105 80 63 9
105 85 29 9
105 86 51 9
105 107 46 18
105 109 51 13
105 199 63 2
106 5 55 13
106 7 47 13
106 24 11 1
106 48 31 19
106 84 60 16
106 116 3 4
106 138 58 7
106 143 22 6
106 149 27 7
106 152 15 19
106 176 12 4
106 178 52 10
106 184 18 11
106 188 6 1
106 189 59 10
106 193 20 9
107 2 56 7
107 9 8 10
107 17 57 12
107 27 3 18
107 32 19 19
107 33 61 9
107 43 58 7
107 50 24 10
107 55 6 13
107 56 24 5
107 57 18 4
107 62 31 20
107 64 62 16
107 65 64 1
107 77 64 18
107 78 64 19
107 83 34 15
107 87 36 13
107 88 62 18
107 103 8 8
107 111 59 4
107 142 57 20
107 146 4 11
107 159 36 19
107 171 54 3
107 174 7 14
107 181 23 10
107 190 45 5
107 197 61 6
108 2 19 1
108 3 58 12
108 15 10 16
108 20 52 12
108 22 57 9
108 25 40 8
108 48 26 15
108 50 61 19
108 69 63 1
108 84 7 4
108 93 11 17
108 95 15 20
108 110 7 6
108 119 47 13
108 133 54 7
108 149 32 20
108 151 49 17
108 170 60 1
108 184 23 8
108 185 1 10
108 191 5 3
108 197 10 10
109 16 28 18
109 20 63 13
109 23 46 2
109 25 60 10
109 26 38 8
109 27 24 16
109 40 15 10
109 46 3 18
109 54 11 11
109 55 51 18
109 61 43 10
109 76 31 5
109 78 31 3
109 83 4 9
109 85 51 14
109 87 55 7
109 114 33 4
109 142 11 20
109 170 39 16
109 199 61 9
110 2 50 15
110 11 59 3
110 14 41 17
110 15 61 9
110 25 52 9
110 37 38 8
110 49 49 3
110 50 28 7
110 54 57 8
110 60 10 9
110 71 22 10
110 76 33 13
110 95 47 19
110 98 48 18
110 100 28 13
110 102 30 20
110 103 18 20
110 109 24 18
110 111 37 8
110 150 48 1
110 153 15 9
110 159 41 14
110 170 53 8
110 180 41 4
110 183 24 13
110 191 64 19
110 197 20 16
110 199 20 5
111 20 17 1
111 21 17 18
111 25 25 16
111 33 34 7
111 35 20 13
111 41 37 15
111 44 18 10
111 50 34 19
111 57 15 15
111 61 63 12
111 72 38 14
111 96 5 12
111 103 37 16
111 114 27 13
111 120 57 11
111 121 32 10
111 161 58 12
111 165 20 12
111 185 57 18
111 191 32 4
112 101 29 4
112 116 24 16
112 117 35 11
112 129 33 15
112 145 19 6
112 148 7 19
112 158 30 17
112 167 11 10
112 172 62 15
112 188 35 5
113 48 53 16
113 51 19 10
113 67 37 6
113 70 3 20
113 79 10 10
113 101 15 1
113 112 20 3
113 116 35 16
113 127 23 4
113 128 50 20
113 132 20 12
113 140 2 14
113 145 20 4
113 148 51 7
113 167 25 20
113 173 23 10
113 182 57 2
114 2 44 6
114 9 20 16
114 11 64 6
114 14 37 20
114 16 1 19
114 17 52 11
114 20 2 11
114 25 15 4
114 33 3 19
114 43 2 4
114 46 63 1
114 50 12 15
114 55 27 11
114 56 19 12
114 57 51 8
114 61 7 17
114 62 23 13
114 78 15 6
114 80 51 7
114 85 53 1
114 87 4 5
114 89 39 16
114 98 11 17
114 110 40 20
114 150 3 4
114 157 34 5
114 159 18 16
114 181 18 2
115 2 55 9
115 3 20 7
115 6 18 11
115 17 33 18
115 20 34 8
115 21 52 4
115 33 16 10
115 40 42 9
115 44 46 8
115 47 61 14
115 50 30 6
115 54 62 15
115 64 57 11
115 66 38 8
115 69 43 3
115 70 32 2
115 77 23 2
115 82 38 17
115 87 52 12
115 88 45 4
115 96 4 3
115 99 14 2
115 111 16 14
115 120 35 10
115 121 19 8
115 125 43 9
115 128 14 15
115 136 56 9
115 148 64 3
115 157 1 2
115 161 62 6
115 181 29 7
115 197 4 5
116 36 38 14
116 59 18 9
116 67 46 4
116 93 19 9
116 101 3 11
116 140 63 5
116 143 3 14
116 151 42 20
116 154 48 9
116 172 48 14
116 176 63 3
116 182 3 16
117 2 59 9
117 8 2 2
117 12 5 4
117 17 60 3
117 18 37 10
117 30 44 12
117 45 57 1
117 47 12 19
117 61 1 9
117 66 5 14
117 70 61 1
117 79 21 13
117 88 62 10
117 96 32 13
117 99 53 20
117 103 25 4
117 111 62 14
117 115 5 18
117 122 39 9
117 157 9 8
117 181 24 4
117 194 22 16
118 0 4 7
118 6 18 1
118 8 5 7
118 12 1 14
118 18 3 2
118 47 24 15
118 63 1 16
118 117 43 7
118 123 30 13
118 129 43 5
118 139 28 9
118 141 28 1
118 144 17 7
119 20 41 16
119 22 12 18
119 37 61 9
119 39 41 11
119 54 60 10
119 70 30 12
119 72 28 7
119 76 55 13
119 82 53 9
119 89 51 6
119 95 50 16
119 96 12 5
119 100 53 7
119 110 28 14
119 153 30 17
119 156 9 1
119 168 32 2
119 179 25 15
119 183 56 11
119 198 1 9
119 199 20 15
120 2 12 5
120 15 50 11
120 17 58 15
120 21 64 4
120 46 15 10
120 47 48 20
120 62 50 12
120 83 13 15
120 88 54 13
120 107 5 14
120 114 60 19
120 117 16 3
120 122 30 18
120 123 5 14
120 125 61 7
120 181 43 15
121 2 35 3
121 9 51 8
121 13 62 11
121 14 7 4
121 15 11 6
121 35 58 8
121 41 5 15
121 50 6 5
121 54 24 5
121 61 17 10
121 65 55 2
121 95 5 14
121 96 2 20
121 108 24 7
121 110 17 3
121 117 29 16
121 119 60 16
121 148 22 8
121 153 55 2
121 156 58 20
121 163 51 7
121 175 33 2
121 181 61 10
121 185 35 5
121 191 24 4
121 197 28 6
122 0 26 1
122 12 62 5
122 18 49 9
122 21 20 20
122 30 26 9
122 77 42 16
122 99 46 9
122 104 8 2
122 118 6 3
122 141 46 5
122 165 9 5
122 196 13 20
123 10 40 11
123 12 26 14
123 18 53 13
123 21 38 3
123 45 14 17
123 47 42 9
123 63 44 6
123 88 25 7
123 99 30 8
123 122 62 3
123 141 30 6
123 144 42 7
123 165 20 10
123 194 22 19
123 196 15 17
124 19 63 17
124 22 27 4
124 25 44 13
124 26 3 15
124 29 15 8
124 39 53 13
124 49 44 1
124 60 8 13
124 75 52 3
124 86 63 12
124 89 12 3
124 92 15 3
124 97 13 5
124 105 26 8
124 135 24 1
124 164 12 12
124 170 7 9
124 180 53 13
124 190 12 6
125 12 33 3
125 15 26 9
125 21 41 9
125 41 10 19
125 42 13 11
125 45 46 16
125 66 12 2
125 69 33 9
125 77 9 15
125 87 63 5
125 88 22 20
125 103 31 20
125 104 59 17
125 136 32 4
125 141 2 13
125 146 27 20
125 165 27 10
125 185 19 2
125 194 38 18
125 196 37 8
126 4 59 19
126 19 58 7
126 22 7 13
126 29 61 12
126 38 63 20
126 52 16 16
126 60 64 19
126 68 2 8
126 97 63 7
126 164 6 2
126 192 45 12
127 70 57 20
127 93 32 14
127 116 51 15
127 132 13 4
127 140 28 3
127 148 48 11
127 160 58 14
127 166 2 1
127 167 44 10
127 172 18 1
127 182 45 13
128 15 24 4
128 24 43 16
128 48 55 2
128 65 44 8
128 67 19 11
128 72 28 1
128 95 25 12
128 99 63 12
128 101 13 13
128 108 58 5
128 116 54 10
128 117 47 7
128 119 59 19
128 133 38 12
128 134 18 1
128 140 50 16
128 152 55 11
128 160 20 17
128 161 26 18
128 168 48 20
128 169 39 1
129 6 12 1
129 45 19 12
129 63 20 6
129 73 37 15
129 79 12 6
129 117 51 3
129 122 56 12
129 125 6 15
129 136 43 10
129 160 20 10
129 165 16 1
129 196 8 9
130 13 61 7
130 24 52 14
130 35 47 12
130 36 54 7
130 37 33 1
130 48 23 10
130 69 45 20
130 70 16 6
130 72 5 5
130 74 1 20
130 82 64 3
130 84 58 11
130 96 37 3
130 101 13 6
130 106 45 12
130 108 51 13
130 113 5 13
130 121 43 19
130 128 17 19
130 149 57 20
130 151 27 8
130 152 5 13
130 153 40 6
130 155 6 9
130 163 8 19
130 173 30 7
130 185 59 3
130 188 43 14
130 191 14 16
130 193 2 10
130 198 22 18
131 24 54 20
131 37 49 20
131 48 40 2
131 67 59 13
131 95 12 4
131 106 10 20
131 130 39 19
131 134 44 8
131 137 43 20
131 155 62 8
131 179 24 10
131 195 10 4
131 198 41 1
132 28 18 16
132 51 59 2
132 59 43 9
132 70 55 5
132 79 24 3
132 112 60 17
132 116 60 7
132 129 48 8
132 140 11 18
132 160 10 19
132 165 34 2
132 166 13 16
132 167 26 19
132 172 1 7
132 176 59 3
132 182 10 6
132 188 58 12
133 13 12 2
133 15 32 19
133 24 53 16
133 41 63 3
133 54 56 5
133 67 24 15
133 82 49 15
133 84 19 1
133 93 62 8
133 110 4 4
133 119 22 20
133 130 31 13
133 138 30 11
133 151 41 6
133 153 56 16
133 155 21 20
133 175 31 10
133 179 49 19
133 184 61 2
133 193 29 16
133 195 59 18
133 197 14 3
133 198 24 13
134 5 15 15
134 36 50 4
134 59 4 11
134 74 8 5
134 84 24 6
134 95 42 10
134 108 51 11
134 116 14 4
134 130 37 8
134 133 23 10
134 138 51 5
134 143 64 14
134 149 10 6
134 154 45 16
134 168 6 13
134 184 5 15
134 189 23 5
135 1 42 17
135 14 9 17
135 31 49 14
135 38 23 13
135 49 12 20
135 53 32 9
135 97 53 9
135 126 14 19
135 147 47 6
135 156 18 13
135 162 37 13
135 163 18 8
135 164 59 19
135 183 48 11
136 12 16 1
136 30 49 10
136 32 12 16
136 33 60 4
136 42 43 19
136 63 29 11
136 69 36 9
136 91 12 4
136 99 17 20
136 111 4 13
136 118 58 6
136 122 48 20
136 123 63 6
136 161 1 19
136 165 58 3
137 5 13 8
137 22 18 18
137 29 37 16
137 37 25 13
137 49 60 3
137 53 11 13
137 60 15 20
137 90 7 8
137 95 12 16
137 126 47 16
137 135 6 16
137 149 29 1
137 153 52 4
137 156 1 14
137 163 4 6
137 179 6 4
137 198 49 13
138 5 55 18
138 13 42 12
138 36 48 20
138 70 15 18
138 74 34 11
138 95 20 11
138 101 16 19
138 113 25 5
138 116 5 13
138 127 10 10
138 128 29 1
138 131 44 3
138 148 18 7
138 151 12 6
138 166 18 5
138 168 32 20
138 173 56 9
138 176 28 1
138 178 56 13
138 186 2 9
139 8 48 17
139 17 61 9
139 21 48 20
139 32 44 12
139 42 44 8
139 44 60 4
139 47 57 8
139 57 47 4
139 87 39 20
139 88 8 3
139 91 51 12
139 103 49 14
139 120 30 12
139 122 13 4
139 123 36 16
139 125 16 1
139 136 35 12
139 144 25 10
139 157 64 9
139 161 40 7
139 171 51 20
139 194 52 1
140 3 20 19
140 41 9 3
140 51 48 14
140 79 18 16
140 101 17 11
140 138 11 12
140 145 45 7
140 148 34 9
140 158 21 9
140 165 37 9
140 166 11 8
140 172 12 17
140 188 24 4
141 6 52 16
141 12 42 6
141 17 54 6
141 21 28 11
141 42 43 20
141 63 23 7
141 65 6 11
141 79 30 7
141 99 27 13
141 104 21 17
141 115 5 19
141 117 15 19
141 120 51 4
141 129 27 12
141 136 31 3
141 139 46 15
141 161 29 14
141 165 4 13
141 167 43 7
141 194 23 14
142 16 38 3
142 23 17 15
142 27 3 5
142 43 49 4
142 46 54 9
142 80 15 18
142 190 38 3
143 7 27 12
143 48 38 12
143 67 25 12
143 74 10 4
143 84 52 12
143 93 50 1
143 101 52 13
143 130 42 19
143 131 33 1
143 138 31 17
143 149 51 17
143 154 17 5
143 168 34 11
143 173 42 20
143 176 62 6
143 184 24 13
143 195 50 2
144 6 33 8
144 10 38 8
144 44 50 19
144 66 63 8
144 73 31 9
144 104 29 3
144 117 47 15
144 120 10 12
144 129 31 9
144 141 45 9
144 161 59 1
144 194 16 14
145 3 55 2
145 28 62 2
145 69 47 16
145 70 24 15
145 116 33 4
145 127 42 9
145 128 47 13
145 129 42 3
145 165 5 14
145 176 3 15
145 186 47 11
145 188 54 19
146 8 18 2
146 10 64 16
146 21 11 10
146 32 38 2
146 40 4 20
146 42 54 6
146 47 6 1
146 57 63 17
146 62 37 5
146 64 27 15
146 77 61 5
146 87 16 9
146 103 21 17
146 111 10 7
146 114 20 10
146 115 13 5
146 123 30 10
146 136 15 9
146 141 51 7
146 144 7 14
146 150 49 4
146 187 20 9
147 1 64 8
147 22 25 13
147 38 64 13
147 53 48 5
147 60 51 1
147 126 45 17
147 131 31 13
147 137 54 17
147 149 12 13
147 156 54 8
147 179 52 4
147 192 63 5
148 41 32 1
148 59 63 12
148 67 38 4
148 69 16 11
148 74 50 20
148 96 55 19
148 101 43 14
148 108 35 19
148 116 44 10
148 117 34 13
148 130 49 14
148 152 60 5
148 154 19 4
148 168 34 18
148 172 52 1
148 173 41 15
148 175 61 20
148 184 18 15
148 186 7 11
148 188 27 9
149 5 10 18
149 7 17 7
149 48 64 19
149 93 38 14
149 119 48 7
149 131 35 8
149 133 29 16
149 138 18 18
149 153 5 18
149 156 24 5
149 175 8 15
149 183 19 19
149 193 16 11
149 198 28 18
150 2 25 17
150 17 21 2
150 21 28 6
150 26 29 17
150 34 3 16
150 43 36 17
150 55 19 6
150 56 3 9
150 57 20 15
150 64 17 12
150 80 40 16
150 85 33 11
150 88 17 20
150 89 9 2
150 102 25 3
150 105 5 11
150 107 25 7
150 111 37 2
150 120 46 11
150 142 16 1
150 157 1 9
150 170 60 12
150 187 21 12
151 5 38 6
151 7 42 15
151 13 22 20
151 59 6 10
151 67 40 1
151 74 21 14
151 95 52 3
151 101 2 16
151 106 7 8
151 113 61 15
151 131 36 18
151 148 42 14
151 149 49 7
151 152 6 14
151 154 59 4
151 155 46 16
151 166 23 5
151 173 49 17
151 175 52 1
151 176 61 7
151 179 62 8
151 188 58 19
151 189 20 18
151 193 18 1
152 3 18 6
152 5 29 14
152 36 38 13
152 48 15 3
152 67 14 14
152 93 43 20
152 116 28 12
152 134 43 12
152 138 8 7
152 140 53 19
152 145 34 19
152 154 25 20
152 160 22 10
152 173 53 6
152 182 54 8
152 184 49 11
152 186 50 18
152 188 32 9
153 2 20 16
153 9 5 9
153 11 7 4
153 14 55 17
153 22 3 5
153 25 43 9
153 41 40 12
153 49 20 19
153 50 4 3
153 53 43 17
153 76 30 4
153 89 29 12
153 96 18 1
153 98 47 6
153 108 33 6
153 135 55 19
153 163 38 2
153 169 52 1
153 180 64 19
153 183 30 19
153 191 58 14
153 198 44 18
153 199 50 8
154 3 55 4
154 67 38 8
154 74 41 5
154 106 19 6
154 113 36 7
154 127 31 15
154 130 32 5
154 132 20 15
154 138 42 8
154 140 45 16
154 160 62 19
154 166 35 13
154 173 6 9
154 178 49 3
154 182 5 1
154 184 8 11
154 186 39 14
154 188 19 11
155 7 6 1
155 67 56 15
155 74 49 16
155 95 16 9
155 106 51 17
155 137 54 5
155 138 48 16
155 152 64 1
155 173 58 2
155 175 7 20
155 179 58 7
155 184 55 9
155 193 34 11
155 195 13 1
156 20 5 5
156 22 38 7
156 37 27 12
156 49 60 17
156 53 44 16
156 60 11 4
156 81 37 13
156 82 29 7
156 98 22 4
156 100 49 17
156 110 14 3
156 133 45 5
156 153 24 1
156 163 62 20
156 168 50 7
156 183 7 14
156 184 20 14
156 199 46 17
157 9 62 8
157 17 13 19
157 32 34 18
157 33 7 18
157 61 44 19
157 64 41 15
157 65 54 14
157 66 48 5
157 77 21 13
157 82 33 20
157 85 48 16
157 87 17 18
157 96 29 6
157 103 62 6
157 109 56 7
157 111 16 4
157 119 52 10
157 121 24 20
157 125 27 10
157 146 35 3
157 159 64 9
157 169 44 20
157 171 55 4
157 177 49 8
157 191 27 17
158 6 46 13
158 18 33 14
158 45 29 1
158 104 33 12
158 117 47 12
158 129 50 2
158 132 61 12
158 145 11 5
158 165 45 14
158 167 16 8
158 182 33 13
159 9 22 7
159 32 42 1
159 33 41 17
159 34 56 18
159 54 37 11
159 55 55 8
159 56 34 9
159 61 36 17
159 78 59 12
159 85 45 14
159 86 33 10
159 87 33 10
159 89 13 3
159 94 33 3
159 98 10 16
159 100 35 3
159 105 3 2
159 109 39 20
159 142 23 20
159 150 54 20
159 162 22 11
159 191 36 13
159 197 16 20
159 199 9 17
160 28 64 15
160 30 30 14
160 51 62 19
160 59 44 5
160 69 40 5
160 70 8 16
160 79 35 11
160 112 1 2
160 113 8 10
160 140 24 19
160 148 3 20
160 158 7 6
160 176 22 16
160 185 52 12
161 2 28 3
161 10 64 1
161 17 53 5
161 33 36 13
161 42 15 9
161 57 19 17
161 61 27 14
161 70 40 9
161 77 52 3
161 82 44 12
161 87 10 7
161 88 18 3
161 96 26 18
161 114 58 2
161 117 33 11
161 121 33 4
161 123 10 18
161 125 28 6
161 129 29 13
161 146 36 11
161 157 43 4
161 169 38 3
162 4 40 4
162 11 20 2
162 22 34 18
162 25 35 1
162 31 53 4
162 34 41 4
162 53 4 3
162 56 1 19
162 71 17 15
162 76 44 3
162 86 15 10
162 92 4 19
162 98 8 13
162 102 54 1
162 110 35 5
162 124 36 11
162 153 4 20
162 163 56 7
162 180 27 7
162 183 48 4
162 191 3 6
162 197 3 18
163 14 59 4
163 39 44 14
163 41 14 5
163 60 57 7
163 81 55 1
163 82 58 17
163 95 19 14
163 96 54 17
163 100 1 3
163 108 33 19
163 110 14 5
163 119 6 8
163 133 42 10
163 168 7 9
163 175 59 4
163 179 32 17
163 180 53 8
163 183 8 9
163 191 64 13
163 197 21 5
163 199 47 9
164 4 20 11
164 16 41 11
164 22 60 7
164 39 52 13
164 60 42 18
164 97 6 9
164 162 28 17
164 192 4 3
165 6 33 13
165 12 8 11
165 15 27 17
165 45 22 15
165 51 11 20
165 63 36 11
165 66 9 14
165 69 26 9
165 99 7 1
165 112 63 14
165 113 51 1
165 115 6 17
165 117 60 13
165 148 64 1
165 160 14 14
165 161 41 19
165 177 52 11
165 182 8 19
165 185 20 10
165 196 56 9
166 48 33 9
166 113 32 2
166 116 20 16
166 134 9 9
166 145 27 20
166 148 6 15
166 152 31 14
166 160 6 7
166 173 55 10
166 176 43 4
166 188 35 2
167 0 58 16
167 3 57 15
167 12 2 4
167 30 27 16
167 44 59 2
167 51 12 19
167 69 62 3
167 73 64 20
167 99 60 1
167 117 54 19
167 118 22 11
167 129 52 14
167 140 60 13
167 160 39 9
167 177 64 11
168 5 51 15
168 7 43 12
168 13 64 14
168 35 3 5
168 41 5 10
168 50 42 6
168 69 31 19
168 72 34 17
168 74 15 10
168 82 3 5
168 84 24 3
168 93 29 10
168 96 47 8
168 106 15 4
168 113 8 20
168 116 17 18
168 121 2 3
168 130 37 2
168 131 19 15
168 133 40 7
168 149 62 18
168 151 33 2
168 152 17 7
168 153 47 1
168 155 5 5
168 179 44 13
168 184 31 3
168 191 57 16
168 193 47 18
169 13 51 1
169 20 32 2
169 25 61 16
169 35 53 15
169 37 64 2
169 41 48 19
169 50 17 1
169 65 4 18
169 69 19 4
169 76 38 3
169 82 30 3
169 96 24 11
169 98 21 14
169 99 5 7
169 108 30 12
169 110 21 6
169 111 11 7
169 117 15 12
169 119 1 14
169 121 1 8
169 130 52 4
169 133 10 1
169 148 64 20
169 156 40 3
169 168 19 2
169 170 50 13
169 177 4 6
169 181 39 3
169 197 4 19
170 11 40 16
170 15 36 15
170 20 42 13
170 22 28 14
170 33 63 20
170 41 50 16
170 54 64 16
170 64 34 8
170 71 37 14
170 72 35 4
170 75 42 6
170 76 42 19
170 98 55 4
170 100 20 3
170 102 40 8
170 107 34 20
170 111 5 17
170 114 33 13
170 119 6 19
170 121 35 10
170 133 2 10
170 153 19 2
170 156 52 12
170 157 17 3
170 159 53 4
170 162 62 8
170 180 38 13
170 190 3 19
170 199 19 1
171 10 6 14
171 21 26 16
171 27 6 5
171 32 2 3
171 33 43 5
171 46 62 8
171 62 2 15
171 83 17 13
171 87 18 19
171 91 52 4
171 103 61 12
171 109 26 14
171 120 21 1
171 146 27 17
171 150 33 11
171 187 19 6
172 3 63 18
172 28 37 13
172 51 25 2
172 59 40 1
172 70 40 12
172 101 19 8
172 113 29 5
172 145 64 13
172 154 35 3
172 158 9 19
172 160 41 14
172 165 38 9
172 166 38 15
172 167 60 18
172 176 31 1
172 182 14 15
172 188 26 16
173 5 11 5
173 13 10 19
173 24 47 19
173 36 4 1
173 48 42 19
173 59 61 1
173 93 6 18
173 106 5 4
173 116 53 11
173 134 56 19
173 168 51 8
173 188 36 18
174 9 34 8
174 11 10 3
174 20 41 15
174 23 54 8
174 27 59 2
174 34 38 5
174 55 57 14
174 56 53 6
174 78 64 1
174 83 40 5
174 85 5 2
174 89 27 4
174 105 38 3
174 114 6 2
174 142 7 20
174 157 8 9
174 190 5 6
174 199 57 7
175 2 39 14
175 3 39 17
175 13 63 1
175 14 52 7
175 15 29 17
175 22 38 1
175 35 50 2
175 37 5 19
175 48 39 2
175 50 57 19
175 54 20 18
175 60 22 4
175 98 21 3
175 108 36 16
175 119 21 14
175 130 7 15
175 134 23 12
175 152 33 20
175 153 5 18
175 156 58 20
175 168 36 13
175 169 46 14
175 170 49 5
175 184 45 18
176 48 46 12
176 67 5 7
176 74 19 2
176 101 49 19
176 113 57 16
176 127 6 13
176 134 29 2
176 140 4 14
176 152 23 19
176 154 18 9
176 173 5 1
177 2 5 2
177 3 18 9
177 6 49 14
177 41 23 20
177 61 13 14
177 65 38 7
177 88 1 18
177 104 2 17
177 112 37 17
177 113 27 20
177 115 27 2
177 120 8 12
177 121 12 5
177 125 54 20
177 129 54 7
177 136 5 18
177 141 26 17
177 145 37 13
177 148 13 1
177 161 35 1
177 185 52 4
178 59 9 12
178 74 53 8
178 116 57 8
178 134 45 4
178 143 14 10
178 166 45 7
178 173 38 18
178 188 24 14
179 1 34 5
179 5 11 7
179 7 53 12
179 24 47 3
179 36 32 2
179 37 46 19
179 52 21 14
179 67 48 2
179 81 59 14
179 84 62 10
179 108 18 8
179 130 61 6
179 135 16 7
179 149 24 18
179 153 26 10
179 156 46 15
179 175 61 13
179 184 16 13
179 191 45 5
179 198 3 5
180 11 8 19
180 20 44 19
180 22 54 1
180 25 26 18
180 26 63 13
180 29 59 4
180 31 45 19
180 37 58 10
180 50 12 14
180 53 29 17
180 56 16 10
180 60 16 10
180 71 61 5
180 75 31 16
180 81 1 11
180 89 6 12
180 98 51 17
180 102 24 6
180 119 57 7
180 135 46 19
180 156 9 18
180 159 34 18
180 183 17 14
180 191 16 17
180 197 58 7
180 198 41 16
180 199 9 11
181 2 6 17
181 9 48 20
181 10 14 5
181 15 56 12
181 17 30 3
181 27 63 3
181 32 16 19
181 33 11 4
181 35 22 13
181 40 64 9
181 42 44 19
181 44 13 13
181 46 51 13
181 50 3 3
181 64 64 20
181 69 61 17
181 77 45 3
181 91 10 15
181 99 43 7
181 102 22 14
181 103 58 2
181 125 41 14
181 136 59 19
181 146 64 16
181 150 60 16
181 157 32 20
181 159 57 4
181 161 44 15
181 171 6 11
181 177 61 9
181 197 24 13
182 3 21 8
182 51 31 8
182 74 30 12
182 79 6 8
182 93 16 18
182 96 4 13
182 138 1 12
182 140 20 14
182 145 42 3
182 160 15 16
182 167 13 13
182 176 55 5
182 185 46 2
183 22 44 16
183 29 51 14
183 52 21 19
183 60 45 16
183 68 23 13
183 72 26 14
183 100 17 2
183 126 12 17
183 133 31 12
183 137 61 8
183 147 28 11
183 164 13 13
183 170 27 13
183 191 6 8
184 35 13 17
184 37 29 1
184 67 50 3
184 74 4 1
184 84 60 5
184 116 60 4
184 119 59 16
184 121 50 10
184 130 9 13
184 131 12 1
184 149 11 15
184 151 56 11
184 153 25 15
184 169 64 5
184 173 64 8
184 176 9 8
185 3 11 1
185 35 21 15
185 50 50 12
185 72 4 2
185 95 3 20
185 96 61 10
185 99 31 11
185 113 9 7
185 117 2 14
185 119 40 15
185 128 11 15
185 133 63 20
185 148 59 10
185 152 41 13
185 157 10 16
185 168 19 13
185 169 18 8
185 175 55 6
185 181 11 7
185 198 64 2
186 3 25 8
186 28 62 16
186 48 36 17
186 59 18 6
186 74 48 13
186 116 50 10
186 127 51 15
186 132 12 20
186 166 15 11
186 172 40 19
187 9 42 5
187 21 26 20
187 33 13 19
187 40 8 20
187 46 11 12
187 56 5 12
187 57 8 12
187 58 52 4
187 61 28 14
187 78 37 13
187 83 26 18
187 85 41 16
187 87 63 11
187 91 28 13
187 102 25 8
187 105 24 1
187 109 2 15
187 111 27 4
187 114 31 2
187 120 58 10
187 142 60 12
187 157 57 13
187 159 18 17
187 181 50 4
187 190 8 14
187 199 15 15
188 3 4 20
188 59 20 8
188 113 15 7
188 116 41 6
188 134 64 18
188 138 5 17
188 143 32 6
188 160 35 2
188 182 30 17
188 189 39 12
189 48 18 9
189 67 8 8
189 74 41 14
189 116 37 9
189 138 19 13
189 143 32 9
189 154 10 12
189 178 45 2
189 195 38 15
190 16 60 8
190 27 23 8
190 34 56 12
190 40 4 10
190 43 45 17
190 54 4 19
190 55 50 6
190 58 6 1
190 64 36 1
190 76 35 9
190 78 49 16
190 80 47 12
190 85 36 2
190 86 44 13
190 102 55 5
190 103 17 19
190 105 43 14
190 109 62 8
190 114 48 6
190 150 23 8
190 199 63 17
191 13 51 13
191 14 26 20
191 15 25 11
191 20 6 17
191 49 1 15
191 54 26 11
191 60 47 5
191 82 34 11
191 89 16 12
191 95 31 14
191 96 26 4
191 119 41 13
191 128 35 18
191 133 56 15
191 169 49 18
191 170 25 15
191 175 36 18
191 197 50 6
191 198 48 11
192 1 23 11
192 22 58 19
192 29 8 11
192 49 60 2
192 53 6 7
192 60 49 5
192 90 13 10
192 92 22 12
192 135 8 12
192 183 18 8
193 7 45 7
193 36 11 10
193 37 29 10
193 48 54 19
193 67 14 8
193 74 39 5
193 84 18 4
193 93 22 15
193 108 21 19
193 116 13 10
193 131 22 14
193 138 3 12
193 143 57 7
193 152 4 13
193 173 7 19
193 176 49 4
193 195 23 6
193 198 62 15
194 0 19 11
194 6 34 20
194 8 19 14
194 21 62 6
194 30 7 19
194 44 15 12
194 47 64 1
194 79 58 13
194 99 4 17
194 104 14 4
194 118 58 14
194 122 11 18
194 136 21 3
194 161 64 14
194 165 59 16
195 5 55 9
195 24 31 9
195 36 4 5
195 48 64 19
195 67 55 12
195 84 33 5
195 93 64 9
195 106 31 20
195 130 16 3
195 134 24 3
195 138 46 5
195 151 18 15
195 152 4 7
195 154 33 11
195 168 10 4
195 173 57 12
195 178 46 17
195 179 23 8
195 184 32 17
195 188 14 5
196 42 11 13
196 45 14 8
196 73 24 11
196 79 56 15
196 118 1 16
196 136 52 13
196 141 22 13
196 144 49 18
196 158 36 16
196 194 24 4
197 14 27 12
197 15 42 16
197 22 23 5
197 26 12 17
197 35 43 8
197 37 27 14
197 43 23 12
197 50 32 15
197 82 35 6
197 95 34 20
197 109 17 13
197 111 42 6
197 114 53 2
197 119 1 15
197 150 49 14
197 153 62 17
197 156 38 10
197 157 6 2
197 170 28 11
198 2 43 3
198 5 16 4
198 13 29 3
198 20 32 1
198 24 19 11
198 25 10 6
198 35 4 9
198 37 38 5
198 49 54 18
198 50 32 9
198 54 26 2
198 70 26 15
198 84 40 14
198 96 45 19
198 108 9 16
198 110 1 9
198 151 25 15
198 156 5 15
198 163 37 16
198 168 9 4
198 169 22 19
198 170 55 14
198 175 29 12
198 183 17 19
199 2 62 18
199 11 23 5
199 14 12 2
199 15 28 17
199 16 18 12
199 20 27 15
199 25 34 20
199 26 30 9
199 40 38 12
199 46 15 14
199 60 48 14
199 71 38 9
199 75 46 12
199 82 39 15
199 89 44 15
199 100 58 13
199 107 2 1
199 111 17 7
199 114 10 1
199 121 1 19
199 150 31 6
199 157 37 14
199 162 32 3
199 191 4 2
199 197 56 2
