0 2 2 1
0 5 3 3
0 15 8 2
0 18 1 2
0 19 3 4
0 23 1 5
0 28 7 2
0 41 1 1
0 49 6 4
0 56 7 3
0 59 6 3
0 71 2 4
0 76 4 1
0 84 4 3
0 115 3 5
0 123 1 4
0 147 6 4
0 150 8 3
0 156 6 1
0 159 8 1
0 175 7 2
1 88 4 4
1 95 6 3
1 146 3 5
1 182 1 2
1 188 6 4
2 15 1 3
2 38 7 4
2 59 6 4
2 90 3 5
2 145 3 1
2 159 2 2
2 174 8 5
2 179 6 2
2 180 8 3
2 190 4 3
3 7 5 4
3 9 1 3
3 17 8 1
3 33 1 5
3 39 3 4
3 44 4 2
3 58 6 4
3 133 7 2
3 135 1 4
3 140 2 1
3 150 5 3
3 176 3 2
3 186 3 2
3 197 1 3
4 44 4 5
4 129 7 4
4 131 6 4
4 140 4 1
4 154 8 3
5 2 1 3
5 56 4 2
5 84 5 4
5 90 1 1
5 105 2 1
5 115 8 3
5 126 2 4
5 147 4 2
5 156 5 1
5 159 4 2
5 174 6 3
5 180 5 2
5 185 3 3
5 189 5 2
5 190 5 3
6 57 7 3
6 96 3 5
6 101 3 3
6 114 4 2
6 120 8 1
6 121 1 4
6 137 1 3
6 161 1 4
6 166 3 2
6 170 7 3
7 33 5 5
7 44 2 4
7 112 6 1
7 160 5 5
7 186 4 3
8 3 4 2
8 35 6 2
8 44 5 2
8 58 7 4
8 65 4 4
8 97 8 2
8 127 6 3
8 133 5 1
8 157 4 4
8 186 1 4
9 27 1 1
9 33 3 3
9 58 3 5
9 66 3 1
9 106 5 5
9 176 6 5
9 184 4 5
9 186 6 4
9 193 8 2
10 16 2 5
10 26 8 4
10 29 4 2
10 40 6 3
10 63 4 5
10 110 2 5
10 111 5 1
10 130 3 2
10 134 6 3
10 148 1 1
10 177 3 5
10 192 2 4
11 18 8 3
11 53 6 1
11 103 6 5
11 122 6 1
11 153 6 4
11 170 8 1
11 183 7 2
12 25 4 4
12 27 8 2
12 86 6 3
12 92 7 5
12 106 4 5
12 169 8 2
12 184 2 2
12 193 7 3
13 3 4 1
13 4 7 1
13 8 2 4
13 44 6 1
13 52 7 5
13 55 6 4
13 65 4 2
13 113 6 3
13 117 6 5
13 129 2 2
13 133 2 4
14 6 4 2
14 87 5 3
14 96 8 2
14 119 3 2
15 5 7 5
15 18 6 4
15 23 7 1
15 36 8 2
15 38 5 2
15 56 6 1
15 59 3 4
15 99 2 2
15 105 1 4
15 147 8 5
15 156 1 3
15 162 3 2
15 179 5 5
15 185 1 1
15 191 3 2
16 21 8 3
16 26 4 3
16 46 1 1
16 51 6 5
16 60 5 2
16 61 6 3
16 69 1 4
16 107 2 2
16 118 6 3
16 164 4 3
16 181 2 4
17 41 1 1
17 71 7 3
17 79 3 2
17 127 6 5
17 133 4 2
17 135 7 5
17 140 6 4
17 145 4 1
17 150 5 3
17 167 6 3
17 175 8 5
17 193 2 4
18 2 7 5
18 36 3 2
18 47 7 3
18 79 3 5
18 120 2 3
18 122 8 5
18 123 2 4
18 147 4 4
18 163 3 1
18 170 1 2
18 180 3 4
19 2 1 1
19 5 8 5
19 49 7 4
19 59 6 5
19 71 3 1
19 77 6 1
19 84 8 1
19 104 2 1
19 145 2 5
19 156 2 2
19 159 7 1
19 167 1 2
19 174 4 4
19 192 2 5
20 42 3 2
20 72 7 2
20 116 2 5
20 191 5 4
21 24 7 2
21 26 7 4
21 32 6 4
21 37 3 4
21 102 7 4
21 110 8 2
21 155 2 3
21 171 1 3
21 199 1 3
22 7 1 1
22 13 5 4
22 55 7 3
22 73 1 1
22 85 2 2
22 186 7 4
23 17 7 4
23 53 1 2
23 71 7 4
23 90 8 3
23 92 5 3
23 98 4 2
23 108 7 5
23 123 1 3
23 124 7 2
23 156 6 4
23 175 6 3
23 194 8 2
24 32 3 4
24 51 3 2
24 89 4 5
24 107 7 1
24 143 2 2
24 148 2 3
24 155 1 3
24 181 3 2
25 9 1 3
25 17 1 4
25 23 7 1
25 33 5 1
25 39 6 2
25 41 2 3
25 66 2 4
25 79 4 2
25 92 8 1
25 122 5 1
25 123 1 2
25 169 8 1
25 176 4 5
25 184 5 2
25 193 7 1
25 194 1 1
26 40 7 4
26 43 5 1
26 46 6 2
26 51 2 2
26 69 4 5
26 70 3 1
26 89 8 3
26 118 3 3
26 125 6 5
26 148 1 1
26 164 3 3
26 171 2 3
27 25 4 5
27 33 7 3
27 58 6 2
27 86 4 4
27 92 8 3
28 18 2 1
28 23 4 1
28 25 1 3
28 47 3 5
28 53 6 3
28 66 2 5
28 76 3 4
28 82 4 2
28 98 5 2
28 99 3 2
28 108 5 3
28 124 3 2
28 145 5 5
28 156 2 1
28 167 6 4
28 169 5 1
28 185 4 4
29 16 5 5
29 49 8 5
29 60 5 5
29 61 1 5
29 68 4 1
29 111 2 5
29 130 6 1
29 134 2 5
29 177 4 4
29 189 8 1
30 21 2 5
30 24 1 5
30 32 8 2
30 102 4 5
30 125 8 2
30 148 7 2
30 171 8 5
31 1 3 2
31 62 3 1
31 64 8 1
31 72 5 1
31 74 1 3
31 88 3 3
31 146 8 1
31 151 3 4
31 152 5 4
31 182 4 2
31 196 4 4
32 26 8 3
32 43 8 1
32 51 7 5
32 69 8 2
32 102 3 4
32 148 2 1
32 155 6 1
32 164 5 5
32 171 2 4
32 181 7 5
33 8 7 4
33 12 8 2
33 39 6 3
33 85 6 2
33 106 1 5
33 127 5 2
33 169 7 1
33 176 5 3
33 184 1 4
33 186 7 1
33 193 6 5
34 4 7 1
34 8 8 1
34 13 3 2
34 73 2 3
34 100 2 2
34 112 2 4
34 154 5 3
34 195 6 4
35 7 5 4
35 9 5 3
35 58 8 1
35 65 7 1
35 106 3 2
35 129 8 5
35 133 8 3
36 2 8 3
36 5 2 3
36 56 6 5
36 59 4 5
36 84 4 2
36 115 4 3
36 126 3 5
36 156 7 3
36 162 2 4
36 173 6 4
36 180 1 3
36 191 8 5
37 16 8 1
37 26 7 5
37 43 6 5
37 51 3 1
37 52 6 3
37 61 5 3
37 89 2 2
37 155 6 3
37 181 4 1
37 195 8 5
38 11 1 2
38 36 8 4
38 42 5 5
38 105 5 3
38 116 1 1
38 137 7 4
38 162 3 3
38 163 1 5
38 173 5 2
38 179 2 1
39 8 5 3
39 9 8 4
39 13 1 3
39 17 5 5
39 35 3 3
39 58 4 3
39 98 8 3
39 135 1 3
39 140 2 2
39 150 8 1
39 175 2 5
39 193 4 5
39 197 5 3
40 24 7 4
40 37 6 5
40 46 7 2
40 63 5 3
40 89 6 3
40 100 7 1
40 141 3 3
40 143 6 3
40 199 2 5
41 23 8 4
41 28 8 3
41 39 7 3
41 47 8 5
41 66 2 1
41 76 2 2
41 79 1 5
41 90 5 2
41 92 2 1
41 97 7 5
41 123 5 2
41 124 2 2
41 127 6 4
41 145 7 2
41 150 3 3
41 157 7 4
41 193 8 5
41 194 7 2
42 54 8 5
42 59 3 5
42 77 6 3
42 95 3 2
42 136 6 1
42 139 1 3
42 142 3 3
42 182 8 3
42 196 4 5
43 16 4 3
43 24 6 3
43 30 5 2
43 46 3 3
43 51 6 4
43 100 6 1
43 110 1 1
43 155 7 4
43 164 3 2
43 171 8 2
43 181 2 2
43 199 7 3
44 34 4 4
44 35 3 2
44 39 3 3
44 113 5 2
44 133 3 4
44 186 1 1
45 23 8 5
45 25 5 1
45 28 5 3
45 47 5 2
45 53 1 5
45 79 6 5
45 93 1 5
45 99 4 2
45 108 7 2
45 124 6 3
45 127 4 5
45 159 8 1
45 193 3 3
45 194 6 3
46 10 4 1
46 29 3 1
46 70 3 4
46 83 8 3
46 125 5 1
46 143 5 5
46 155 8 1
47 0 5 4
47 56 4 2
47 66 5 4
47 76 6 4
47 79 2 3
47 108 8 2
47 150 6 1
47 159 5 5
47 167 6 5
47 194 3 4
48 6 1 4
48 11 7 4
48 14 5 4
48 53 3 1
48 94 5 2
48 103 7 5
48 121 8 4
48 122 5 4
48 137 4 4
48 170 8 5
48 183 8 2
48 198 5 4
49 2 1 2
49 5 8 3
49 36 3 5
49 59 8 5
49 60 2 3
49 68 3 3
49 84 1 4
49 126 8 1
49 144 2 4
49 156 2 5
49 172 7 2
50 11 3 5
50 47 7 1
50 48 2 4
50 53 8 3
50 82 2 3
50 93 5 2
50 109 2 4
50 121 2 5
50 122 4 3
50 161 7 3
50 166 6 1
50 198 1 2
51 30 4 2
51 40 8 3
51 75 4 4
51 91 7 3
51 102 4 2
51 125 2 3
51 143 3 3
51 155 8 5
52 4 1 3
52 34 4 3
52 55 2 3
52 75 8 1
52 91 7 3
52 100 1 1
52 117 1 5
53 18 5 2
53 47 1 4
53 56 1 1
53 82 2 4
53 99 1 1
53 124 6 4
53 166 2 4
53 170 5 3
53 173 3 2
54 1 8 2
54 20 2 2
54 31 8 2
54 88 7 3
54 151 6 4
55 4 3 3
55 34 2 1
55 44 6 2
55 65 6 4
55 73 4 3
55 154 2 5
56 2 6 1
56 18 2 5
56 23 7 5
56 28 2 4
56 38 7 3
56 45 5 5
56 122 5 2
56 126 1 2
56 145 4 3
56 147 3 2
56 162 7 3
56 166 4 5
56 170 4 3
56 180 4 4
56 185 2 4
56 190 4 3
57 48 7 4
57 103 2 2
57 109 7 1
57 121 7 1
57 198 4 1
58 7 5 4
58 12 5 1
58 33 4 1
58 78 6 5
58 106 3 3
58 169 3 2
58 176 6 1
58 184 5 2
59 5 1 4
59 38 1 2
59 56 3 1
59 77 6 2
59 104 6 1
59 115 6 5
59 145 3 1
59 174 1 1
59 179 1 4
59 191 5 3
60 46 8 2
60 61 6 3
60 70 3 3
60 83 2 5
60 89 4 3
60 111 1 5
60 118 4 2
60 134 2 5
60 144 2 5
60 189 5 4
61 10 8 4
61 26 4 2
61 40 7 3
61 46 7 4
61 51 5 3
61 63 5 2
61 118 8 2
61 155 5 3
61 181 6 4
61 192 4 1
62 95 3 5
62 151 6 5
62 152 1 2
62 188 7 1
63 26 7 2
63 29 3 4
63 46 1 1
63 60 4 2
63 70 6 4
63 89 4 5
63 130 6 5
63 134 1 1
63 177 4 3
63 192 8 1
64 42 7 5
64 54 2 3
64 72 2 5
64 95 6 1
64 105 6 2
64 116 2 2
64 136 1 1
64 196 1 3
65 3 4 4
65 4 7 4
65 17 4 4
65 39 3 1
65 44 1 3
65 73 2 3
65 117 6 1
65 127 5 1
65 176 1 1
65 197 1 1
66 12 5 5
66 17 7 2
66 23 7 3
66 39 2 4
66 45 4 5
66 76 1 1
66 98 5 3
66 124 8 4
66 150 2 4
66 193 7 3
66 194 7 5
67 29 2 1
67 74 3 3
67 81 1 3
67 151 4 3
67 168 4 1
67 172 1 3
67 177 2 2
68 10 8 5
68 60 1 2
68 63 8 2
68 107 7 1
68 111 6 5
68 134 7 3
68 141 3 4
68 172 5 1
69 89 2 5
69 125 1 3
69 155 1 2
69 171 3 2
69 181 5 5
70 16 6 3
70 29 4 4
70 68 3 5
70 69 7 1
70 81 6 5
70 118 4 3
70 125 6 4
70 141 6 5
70 148 3 4
71 41 1 5
71 83 2 1
71 117 8 2
71 123 7 1
71 127 7 5
71 130 1 5
71 135 1 1
71 144 4 2
71 145 8 2
71 150 8 3
71 175 7 4
71 176 8 1
72 36 6 4
72 42 5 2
72 54 6 2
72 62 4 4
72 74 3 2
72 116 5 5
72 142 8 2
72 151 8 5
72 190 3 3
73 4 1 3
73 13 8 3
73 44 7 5
73 113 4 3
73 154 6 1
74 54 5 3
74 77 7 5
74 172 5 3
74 177 2 5
74 182 1 4
75 21 7 4
75 26 4 1
75 30 8 2
75 40 8 1
75 89 1 3
75 91 6 2
75 100 2 5
75 102 6 5
75 110 4 4
75 143 3 2
75 149 1 4
75 171 8 2
75 181 5 5
75 195 7 2
75 199 6 4
76 8 5 5
76 17 8 4
76 45 4 3
76 71 3 1
76 92 5 3
76 98 4 1
76 108 5 4
76 127 1 2
76 150 4 1
76 167 6 5
76 194 1 1
77 5 8 1
77 49 3 2
77 64 6 3
77 67 7 1
77 104 1 4
77 105 7 1
77 126 3 1
78 7 8 1
78 22 6 3
78 35 4 2
78 106 5 3
78 113 7 3
78 197 2 5
79 0 4 2
79 23 6 2
79 28 3 5
79 56 2 1
79 71 4 4
79 76 8 5
79 92 2 5
79 145 5 5
79 147 8 3
79 169 6 1
80 57 4 5
80 87 7 1
80 94 3 3
80 103 3 5
80 132 6 3
81 10 6 2
81 29 5 5
81 60 3 5
81 63 3 4
81 68 4 1
81 134 4 3
81 177 2 3
82 6 1 5
82 11 8 3
82 18 4 5
82 48 3 5
82 56 7 1
82 120 8 1
82 137 1 3
82 153 1 3
83 16 6 5
83 19 6 1
83 29 3 2
83 40 2 2
83 61 4 2
83 117 1 5
83 141 6 3
83 157 4 1
83 189 2 4
84 2 6 5
84 42 8 2
84 77 1 2
84 90 7 4
84 115 7 1
84 126 1 4
84 156 2 1
84 177 3 1
84 185 2 3
85 7 8 1
85 35 8 5
85 44 4 4
85 58 7 1
85 78 3 3
85 106 6 3
85 112 1 5
86 58 8 5
86 160 3 4
86 169 1 2
86 193 2 3
87 48 8 4
87 57 7 3
87 94 4 2
87 96 2 3
87 109 3 4
87 114 3 2
87 121 6 5
87 153 4 5
88 62 1 3
88 72 8 2
88 95 8 2
88 146 7 5
88 151 2 5
88 182 1 2
89 10 7 3
89 21 2 3
89 29 8 5
89 43 6 4
89 46 1 2
89 83 3 3
89 110 6 4
89 118 3 2
89 141 1 4
89 171 2 3
89 192 2 1
90 0 6 3
90 19 5 5
90 59 4 1
90 76 3 2
90 79 2 4
90 98 6 2
90 108 1 4
90 126 7 4
90 135 6 2
90 145 5 1
90 157 5 1
90 175 5 1
90 192 5 3
90 194 3 4
91 21 6 3
91 37 4 1
91 40 4 2
92 9 3 5
92 28 1 5
92 39 1 5
92 45 4 5
92 47 5 1
92 66 6 3
92 98 4 3
92 122 4 1
92 124 3 5
92 175 4 3
92 176 3 2
93 11 5 5
93 18 5 2
93 28 3 2
93 47 2 3
93 48 1 4
93 53 6 1
93 82 6 2
93 124 6 3
93 137 6 1
93 173 1 1
94 6 8 1
94 14 4 1
94 57 1 2
94 103 5 2
94 114 5 3
94 121 8 4
94 132 3 5
94 198 4 4
95 31 7 4
95 72 5 3
95 152 4 2
95 158 3 1
95 188 1 5
95 196 3 5
96 48 3 4
96 57 3 2
96 80 2 2
96 94 6 2
96 101 5 3
96 103 4 3
96 161 4 5
96 187 5 2
97 17 2 1
97 65 5 1
97 71 4 3
97 76 2 4
97 83 4 2
97 133 5 4
97 144 7 1
97 159 6 1
97 194 3 4
97 195 4 5
98 0 1 4
98 3 1 1
98 25 7 5
98 41 5 1
98 45 8 5
98 47 7 3
98 71 8 2
98 79 7 1
98 97 1 1
98 108 6 3
98 123 1 3
98 133 7 1
98 150 7 3
98 159 7 1
98 169 2 2
98 193 5 2
99 6 3 1
99 11 8 5
99 18 8 3
99 23 8 3
99 47 3 2
99 48 8 5
99 50 8 1
99 56 4 3
99 93 2 5
99 120 3 2
99 124 8 4
99 147 6 4
99 166 6 5
99 170 4 1
99 173 8 1
99 183 8 1
100 4 8 4
100 21 3 1
100 37 3 5
100 91 6 4
100 131 6 4
100 143 8 3
101 48 3 2
101 50 6 1
101 53 3 1
101 82 5 2
101 94 5 4
101 99 2 1
101 114 2 2
101 120 7 3
101 121 1 5
101 122 8 5
101 161 4 4
101 170 1 1
101 198 4 2
102 24 5 5
102 26 5 1
102 43 8 1
102 155 2 4
103 6 3 4
103 109 6 2
103 119 3 2
103 121 7 5
103 137 8 5
103 138 3 4
104 2 8 2
104 29 8 3
104 60 3 4
104 67 1 4
104 68 2 1
104 74 2 1
104 84 4 2
104 90 1 4
104 168 6 4
104 172 7 5
104 177 3 1
105 36 5 3
105 42 6 4
105 59 7 4
105 84 7 1
105 126 1 2
105 162 5 4
105 179 6 5
105 191 1 4
106 7 7 4
106 27 1 5
106 86 4 2
106 186 8 5
107 10 8 2
107 26 3 5
107 29 8 4
107 46 3 1
107 61 3 1
107 63 5 4
107 69 7 5
107 70 3 1
107 81 2 3
107 125 7 3
107 181 2 4
108 17 3 4
108 19 1 3
108 41 7 3
108 71 6 4
108 79 7 4
108 97 4 3
108 130 1 5
108 135 7 3
108 140 1 1
108 144 3 1
108 145 3 2
108 159 8 5
108 167 1 2
108 175 5 4
108 189 1 4
108 194 1 1
109 11 6 2
109 14 5 2
109 82 6 1
109 94 1 1
109 101 5 5
109 114 1 5
109 153 3 1
109 165 6 2
109 183 8 4
110 16 4 3
110 26 7 5
110 30 6 3
110 32 8 2
110 37 8 5
110 40 1 1
110 46 6 5
110 61 1 4
110 69 2 4
110 102 6 1
110 125 4 5
110 141 2 2
110 143 6 5
110 171 6 5
111 63 5 2
111 70 3 4
111 74 2 3
111 81 4 3
111 104 5 4
111 107 4 1
111 168 1 2
111 172 3 5
111 178 2 4
111 192 4 1
112 4 6 5
112 8 7 4
112 22 3 5
112 55 2 1
112 73 5 3
112 129 3 3
112 154 7 4
113 4 4 5
113 22 7 5
113 34 6 2
113 35 7 3
113 55 4 4
113 112 4 5
113 129 7 2
113 197 3 5
114 14 2 3
114 57 4 4
114 80 5 3
114 96 1 5
114 103 6 2
114 121 4 5
114 165 1 4
114 198 8 2
115 2 8 1
115 15 6 4
115 18 2 4
115 19 8 2
115 42 5 2
115 49 8 1
115 56 5 4
115 64 2 2
115 77 4 4
115 105 6 3
115 156 1 4
115 163 5 3
115 172 7 4
115 179 4 1
116 36 8 2
116 42 3 2
116 105 5 2
116 139 7 1
116 142 6 2
116 179 3 2
116 180 2 3
117 4 7 5
117 8 2 3
117 34 7 3
117 100 3 4
117 135 2 2
117 195 5 4
118 10 5 3
118 46 1 4
118 63 3 3
118 68 2 3
118 107 7 1
118 110 5 2
118 111 1 1
118 134 4 4
118 148 7 4
118 155 7 4
119 11 4 5
119 137 6 2
119 187 2 5
120 11 3 4
120 50 7 3
120 53 7 2
120 56 7 3
120 93 8 1
120 109 5 5
120 122 2 1
120 153 6 4
120 163 6 5
121 14 2 5
121 80 2 3
121 96 6 5
121 132 4 1
121 153 2 4
121 198 5 5
122 6 7 1
122 23 6 2
122 28 3 3
122 45 4 2
122 66 5 4
122 79 7 1
122 82 6 2
122 93 2 2
122 99 2 3
122 147 2 2
122 170 8 1
122 173 6 1
122 185 5 3
123 15 1 1
123 17 7 4
123 28 6 3
123 45 6 5
123 47 3 4
123 66 4 2
123 76 7 4
123 79 6 1
123 90 8 1
123 92 4 2
123 108 3 1
123 122 3 2
123 126 3 4
123 150 1 3
123 156 2 4
123 159 7 2
123 169 2 3
123 175 1 1
123 194 8 4
124 18 5 2
124 25 2 1
124 47 8 5
124 50 5 1
124 56 5 5
124 79 7 1
124 82 6 3
124 98 5 5
124 122 3 5
124 123 1 5
124 150 8 1
125 16 4 5
125 24 5 4
125 32 2 4
125 37 4 2
125 61 8 2
125 102 2 1
125 118 2 4
125 141 5 1
125 148 4 2
125 155 3 5
125 164 7 4
126 0 4 1
126 18 6 5
126 19 2 5
126 23 5 1
126 38 2 5
126 59 2 5
126 115 5 5
126 145 7 1
126 163 6 2
126 179 8 1
126 185 3 2
126 190 8 3
127 9 5 5
127 12 4 4
127 25 2 4
127 27 4 2
127 35 3 5
127 39 3 1
127 47 5 1
127 58 6 3
127 66 7 2
127 92 8 5
127 129 7 1
127 133 1 4
127 140 3 2
127 150 4 1
127 169 2 4
127 176 4 4
127 186 7 4
127 193 1 2
128 18 1 4
128 119 7 2
128 137 8 4
128 142 4 5
128 166 7 4
128 173 5 2
128 179 7 1
128 190 3 2
128 191 8 3
129 3 7 3
129 7 5 4
129 8 4 3
129 17 8 4
129 22 3 1
129 33 6 4
129 39 3 1
129 44 3 5
129 55 3 2
129 65 8 1
129 85 4 2
129 135 1 5
129 154 6 5
129 197 3 2
130 19 1 3
130 60 3 4
130 61 2 4
130 83 6 5
130 90 5 4
130 97 7 3
130 104 6 1
130 134 3 1
130 141 7 1
130 145 5 3
130 157 4 2
131 34 8 1
131 55 3 5
131 73 3 1
131 91 1 3
131 117 8 3
132 57 4 5
132 96 1 3
132 109 4 4
132 114 8 2
132 187 3 5
133 4 3 5
133 33 8 3
133 34 8 2
133 65 5 5
133 112 1 2
133 113 6 2
133 129 7 3
133 140 1 1
133 157 1 1
133 175 6 4
133 194 2 5
134 19 5 1
134 49 6 3
134 67 2 4
134 70 6 2
134 77 6 1
134 104 7 4
134 111 6 3
134 141 6 5
134 189 3 1
134 192 5 1
135 8 8 2
135 41 1 3
135 65 7 1
135 97 7 3
135 127 3 3
135 133 6 4
135 140 8 4
135 167 3 4
135 175 2 4
135 176 6 5
136 20 3 3
136 36 5 1
136 38 2 3
136 72 8 3
136 115 7 2
136 116 3 1
136 128 1 4
136 162 2 3
136 163 1 5
136 190 1 1
136 191 2 2
137 11 2 4
137 18 3 3
137 99 4 2
137 120 8 1
137 138 4 4
137 163 3 3
137 170 6 2
137 173 8 5
138 11 5 4
138 38 7 3
138 119 3 3
138 128 4 5
138 142 8 2
138 163 3 3
138 166 3 3
139 20 2 1
139 72 8 1
139 136 7 4
139 142 3 2
140 8 2 1
140 13 2 1
140 34 1 3
140 44 3 2
140 65 8 2
140 76 1 4
140 97 4 5
140 117 3 1
140 154 8 5
140 157 4 3
140 175 5 4
141 10 7 5
141 26 1 5
141 29 8 1
141 37 8 1
141 46 7 3
141 51 5 4
141 60 2 4
141 61 7 3
141 63 7 4
141 107 3 2
141 143 5 5
141 144 5 1
141 155 6 5
142 20 2 1
142 136 7 5
143 16 4 5
143 21 4 3
143 26 2 5
143 37 3 3
143 43 6 2
143 52 3 5
143 61 3 1
143 125 4 2
143 148 1 1
143 149 5 3
143 155 6 2
143 171 7 1
143 199 6 1
144 10 1 2
144 19 8 5
144 29 5 5
144 46 5 5
144 61 6 4
144 63 5 3
144 68 1 5
144 90 1 4
144 104 6 4
144 130 4 2
144 134 7 3
144 177 5 5
144 192 1 5
145 0 3 3
145 5 6 5
145 23 7 3
145 47 6 5
145 49 8 2
145 76 5 2
145 84 2 1
145 97 5 3
145 98 3 3
145 123 2 5
145 135 4 3
145 144 8 2
145 150 1 3
145 156 7 4
145 167 1 5
145 175 3 4
145 185 7 3
145 194 5 1
146 54 8 3
146 62 3 3
146 95 4 1
146 182 8 1
147 19 3 1
147 23 8 2
147 28 3 2
147 47 1 5
147 49 7 5
147 59 8 5
147 90 2 2
147 123 5 3
147 126 1 4
147 156 2 5
147 162 7 2
147 167 2 2
147 173 6 1
147 174 2 2
147 179 1 3
147 180 7 5
148 16 2 1
148 21 4 4
148 37 4 3
148 40 3 1
148 46 3 2
148 51 1 4
148 63 1 4
148 69 4 3
148 89 1 3
148 102 2 3
148 107 8 3
148 181 4 5
149 21 1 4
149 37 6 3
149 43 2 4
149 51 1 3
149 52 8 3
149 91 5 3
149 100 6 2
149 131 3 5
149 181 2 1
150 23 7 5
150 25 1 5
150 28 1 3
150 45 6 2
150 108 8 4
150 135 3 1
150 159 6 4
150 167 7 3
150 175 1 4
150 176 4 5
150 193 2 4
151 64 1 2
151 74 4 4
151 95 1 5
151 152 6 1
151 178 1 2
152 74 3 5
152 88 4 4
152 146 2 1
152 178 6 5
152 196 3 2
153 6 3 4
153 14 7 1
153 50 5 3
153 94 6 5
153 96 2 4
153 114 5 4
153 119 4 4
153 132 3 3
153 166 8 2
153 183 7 5
154 13 5 5
154 44 6 2
154 52 1 5
154 65 1 1
154 91 6 2
154 100 2 3
154 117 7 5
154 131 5 5
154 133 4 4
154 195 6 1
155 16 5 1
155 26 8 2
155 40 6 5
155 60 8 5
155 63 8 1
155 75 7 2
155 89 5 4
155 107 5 4
155 148 6 3
155 171 1 4
155 181 5 2
156 18 1 3
156 38 8 1
156 56 6 1
156 59 7 3
156 90 6 4
156 108 1 3
156 126 3 5
156 159 8 3
156 173 5 2
156 174 7 5
156 179 8 3
156 180 6 5
156 190 1 4
157 17 5 3
157 71 6 5
157 76 2 5
157 97 5 1
157 98 5 5
157 117 3 3
157 135 5 3
157 144 1 2
157 145 8 2
157 150 4 4
157 159 3 2
157 175 2 5
157 194 8 3
157 195 5 4
158 1 1 5
158 31 4 4
158 54 2 4
158 62 8 4
158 88 7 5
158 146 2 2
158 152 4 1
158 182 2 3
158 188 3 5
159 17 7 1
159 23 1 1
159 28 4 3
159 41 3 5
159 71 2 1
159 79 5 3
159 90 7 4
159 92 7 1
159 124 8 4
159 135 6 4
159 145 7 3
159 167 3 5
159 175 6 3
159 185 7 2
160 35 8 2
160 58 8 3
161 114 7 2
161 165 5 4
162 5 1 5
162 18 6 5
162 19 8 1
162 59 8 4
162 99 4 1
162 115 6 4
162 126 7 4
162 156 8 1
162 163 2 3
162 173 6 4
162 174 7 1
162 179 6 3
162 185 8 5
162 190 4 3
163 2 2 5
163 11 3 4
163 59 6 4
163 99 1 4
163 105 1 2
163 116 6 2
163 142 4 4
163 156 3 4
163 179 7 4
163 185 5 5
163 190 4 4
164 24 2 2
164 30 7 4
164 40 4 2
164 51 7 3
164 69 7 4
164 75 6 4
164 89 2 4
164 102 3 3
164 110 8 4
164 143 7 1
164 155 6 3
165 6 6 3
165 48 2 2
165 80 6 5
165 87 4 1
165 94 8 3
165 96 2 4
165 101 6 5
165 121 2 2
165 132 2 4
165 153 5 5
165 198 6 5
166 11 7 3
166 18 3 5
166 48 5 2
166 93 7 2
166 101 5 2
166 103 5 1
166 109 7 2
166 120 2 5
166 121 3 2
166 122 5 3
166 137 3 3
166 183 1 5
167 0 6 5
167 2 5 3
167 5 7 1
167 23 7 4
167 41 7 5
167 71 8 5
167 83 6 4
167 97 3 1
167 98 2 5
167 123 2 4
167 126 7 4
167 130 6 4
167 156 5 1
167 157 5 2
167 185 5 1
167 189 1 5
168 31 3 5
168 74 8 5
168 77 7 3
168 134 3 3
168 152 7 4
168 172 6 2
168 178 3 2
168 196 4 1
169 9 3 1
169 17 5 1
169 23 4 3
169 27 7 4
169 39 6 2
169 41 1 2
169 45 3 3
169 47 6 3
169 92 5 3
169 124 6 5
169 150 3 3
170 47 3 4
170 50 5 5
170 109 4 3
170 120 6 3
170 124 5 4
170 153 2 5
170 198 2 3
171 24 4 2
171 37 5 1
171 102 5 1
171 125 2 5
171 148 3 5
171 164 5 2
171 181 8 2
172 2 2 1
172 29 6 1
172 36 5 5
172 59 4 3
172 64 2 5
172 77 5 4
172 84 5 4
172 151 6 3
172 192 2 3
173 11 6 1
173 15 3 2
173 48 6 1
173 56 7 5
173 126 4 3
173 138 4 2
173 163 1 4
173 166 5 5
173 170 8 4
173 179 3 4
173 185 1 1
174 15 2 5
174 49 7 2
174 77 4 2
174 84 1 4
174 90 8 4
174 104 1 2
174 115 8 4
174 134 2 5
174 145 5 2
174 167 3 4
174 185 1 5
174 189 8 2
175 3 8 1
175 8 2 3
175 28 3 5
175 45 2 4
175 47 4 1
175 66 4 5
175 79 8 3
175 98 3 1
175 117 4 2
175 127 8 5
175 176 7 5
175 194 6 2
176 39 7 1
176 41 4 3
176 44 3 5
176 66 8 2
176 76 6 1
176 97 6 5
176 98 6 3
176 129 4 4
176 133 3 2
176 140 4 5
176 193 5 1
177 19 1 1
177 49 8 5
177 60 7 1
177 68 7 3
177 77 8 2
177 107 2 5
177 111 5 1
177 118 3 5
177 134 2 5
177 168 6 5
177 172 8 2
177 174 6 2
177 189 5 3
178 67 4 1
178 74 4 5
178 134 8 2
178 177 3 4
179 18 1 4
179 36 2 2
179 56 3 5
179 84 3 1
179 99 8 5
179 136 5 5
179 190 8 2
180 15 4 3
180 42 4 1
180 84 1 5
180 105 7 2
180 115 8 2
180 128 1 4
180 136 1 4
180 162 6 1
180 163 1 1
180 173 7 2
180 185 8 1
180 190 4 1
180 191 1 5
181 21 6 3
181 26 7 3
181 40 6 3
181 46 1 3
181 51 8 5
181 70 6 5
181 89 5 4
181 110 6 4
181 125 3 1
181 141 5 5
181 143 8 4
181 164 3 2
181 199 2 3
182 54 5 1
182 62 5 3
182 95 3 5
182 152 8 3
182 188 7 1
183 50 5 2
183 82 7 5
183 93 7 2
183 94 7 4
183 103 1 4
183 120 1 5
183 121 2 5
183 122 3 4
183 137 2 2
183 173 6 1
184 106 3 1
184 169 6 3
184 193 3 3
185 18 4 5
185 19 5 1
185 23 4 4
185 36 7 2
185 47 4 3
185 49 3 2
185 59 2 1
185 79 8 5
185 99 4 2
185 105 1 4
185 108 5 1
185 115 6 4
185 123 5 2
185 147 6 3
185 156 3 3
185 190 1 3
186 13 7 4
186 35 1 3
186 58 1 5
186 78 2 5
186 85 4 1
186 113 1 1
186 129 3 3
186 133 3 2
186 176 8 2
187 14 2 2
187 57 2 1
187 87 8 3
187 94 7 1
187 109 5 5
187 114 5 5
187 121 7 1
187 153 1 4
188 54 6 4
188 88 5 1
188 146 7 1
189 0 6 5
189 2 4 3
189 19 2 3
189 61 3 2
189 63 8 2
189 71 1 3
189 77 5 5
189 84 3 5
189 90 3 4
189 104 7 4
189 130 3 4
189 145 6 3
189 172 7 1
190 15 5 5
190 36 1 1
190 38 2 1
190 59 1 3
190 64 5 1
190 105 5 4
190 115 1 2
190 116 2 2
190 142 7 3
190 147 2 2
190 191 6 1
191 38 7 5
191 42 4 2
191 72 3 3
191 115 4 1
191 162 4 4
191 163 2 5
191 179 7 3
192 16 5 1
192 29 4 1
192 46 6 1
192 49 6 4
192 60 3 2
192 68 3 5
192 70 4 5
192 81 7 1
192 83 6 4
192 104 7 4
192 107 2 1
192 118 8 5
192 130 7 2
192 174 7 1
192 177 8 2
192 189 8 4
193 27 7 4
193 28 2 3
193 47 8 5
193 58 7 4
193 92 6 5
194 0 7 2
194 3 7 5
194 8 4 4
194 17 3 2
194 39 6 4
194 71 7 1
194 124 7 4
194 127 1 1
194 135 1 1
194 159 7 1
194 167 2 3
194 169 8 4
194 176 1 2
195 4 5 5
195 40 2 3
195 52 8 2
195 61 8 3
195 91 1 4
195 131 5 3
195 140 3 2
195 143 6 5
195 149 1 2
196 20 5 1
196 54 3 3
196 62 8 2
196 72 5 5
196 74 8 4
196 88 1 2
196 105 3 4
196 136 7 3
196 151 3 5
196 182 8 3
197 7 1 1
197 22 2 2
197 33 6 2
197 35 4 3
197 73 5 4
197 112 7 4
197 133 1 2
197 186 5 1
198 6 3 2
198 87 5 1
198 109 5 4
198 153 5 2
198 161 6 5
198 183 6 3
199 16 8 5
199 37 3 5
199 46 8 1
199 51 2 5
199 52 6 1
199 89 2 4
199 100 6 2
199 131 7 4
199 148 2 2
199 195 8 3
