0 3 5 4
0 5 6 1
0 6 3 3
0 9 2 3
0 10 4 3
0 27 3 5
0 30 5 1
0 31 8 3
0 37 5 3
0 38 2 3
0 45 5 5
0 53 6 5
0 58 4 2
0 62 5 2
0 65 8 5
0 69 1 4
0 77 8 4
0 82 1 3
0 83 4 4
0 105 8 3
0 111 7 3
0 120 5 1
0 129 8 5
0 141 2 2
0 144 6 5
0 154 1 3
0 163 8 5
0 193 6 4
1 0 1 2
1 9 8 5
1 10 7 2
1 20 4 3
1 27 4 3
1 30 6 5
1 31 4 1
1 35 2 1
1 45 6 5
1 47 4 3
1 72 8 4
1 79 3 4
1 90 2 3
1 92 6 3
1 103 2 5
1 106 7 3
1 111 7 2
1 142 2 3
1 161 2 2
1 169 1 1
1 178 7 1
1 185 1 1
1 197 7 5
2 10 4 5
2 11 7 4
2 28 4 5
2 42 6 5
2 43 1 1
2 50 3 1
2 67 1 5
2 76 1 5
2 115 3 5
2 126 8 1
2 134 7 3
2 178 8 2
3 8 8 1
3 18 4 3
3 27 2 2
3 35 5 5
3 38 7 4
3 52 8 1
3 58 1 2
3 59 6 4
3 61 5 1
3 74 1 1
3 88 3 1
3 97 5 1
3 102 8 4
3 103 2 2
3 106 1 3
3 111 3 4
3 142 8 1
3 157 5 3
3 185 2 4
3 197 3 2
4 9 1 1
4 34 7 1
4 59 3 2
4 66 4 1
4 78 2 1
4 84 3 1
4 91 5 4
4 99 6 4
4 135 5 3
4 139 7 5
4 145 6 2
4 146 7 4
4 153 4 1
4 160 8 5
4 168 6 4
4 171 5 3
4 186 4 4
4 191 2 1
4 199 3 3
5 3 1 5
5 9 6 4
5 11 4 2
5 30 5 2
5 31 4 2
5 62 3 2
5 90 2 4
5 103 1 3
5 106 1 2
5 115 8 3
5 120 5 1
5 122 8 5
5 133 7 4
5 141 3 1
5 144 4 1
5 148 3 2
5 161 2 3
5 163 3 3
5 173 5 4
5 178 5 1
5 179 4 3
6 37 8 5
6 49 5 5
6 55 3 5
6 62 6 2
6 70 3 5
6 101 5 3
6 123 5 3
6 128 5 2
6 131 3 3
6 154 7 2
6 157 8 4
6 165 6 3
6 193 6 2
7 1 7 1
7 3 4 2
7 4 8 1
7 18 5 5
7 20 8 2
7 31 1 3
7 34 7 4
7 35 6 4
7 45 5 5
7 52 7 2
7 53 2 2
7 64 1 2
7 75 8 2
7 80 7 1
7 88 8 1
7 89 1 2
7 103 3 5
7 113 2 4
7 117 4 5
7 127 7 2
7 145 1 3
7 185 1 5
7 186 1 5
7 191 4 2
7 194 2 5
8 0 5 3
8 1 1 2
8 10 7 2
8 17 1 5
8 32 8 1
8 36 1 2
8 38 4 1
8 53 7 4
8 55 4 1
8 57 7 3
8 88 7 3
8 90 3 5
8 97 2 4
8 102 8 2
8 105 8 1
8 111 2 3
8 120 3 1
8 126 2 4
8 128 3 1
8 134 2 2
8 136 5 2
8 141 3 1
8 142 3 3
8 148 3 2
8 174 4 5
8 183 4 3
8 193 3 2
9 3 6 5
9 7 3 2
9 18 7 3
9 31 5 4
9 41 7 2
9 53 7 5
9 58 7 4
9 60 7 3
9 81 8 1
9 84 3 4
9 86 1 1
9 89 4 3
9 98 4 3
9 99 7 2
9 106 8 3
9 113 7 3
9 125 8 4
9 128 1 4
9 131 1 4
9 145 4 2
9 163 6 1
9 173 4 4
9 183 4 1
9 194 7 4
9 199 2 5
10 5 1 2
10 12 1 5
10 25 3 5
10 28 8 2
10 67 8 5
10 69 3 5
10 77 3 3
10 86 7 1
10 88 6 5
10 102 1 2
10 106 6 2
10 111 3 3
10 133 2 4
10 134 7 5
10 137 5 1
10 141 6 2
10 159 5 4
10 161 7 4
10 169 8 4
10 174 2 5
10 185 4 2
10 189 2 5
11 1 4 5
11 10 5 3
11 32 2 5
11 33 2 3
11 42 2 3
11 76 3 3
11 79 3 1
11 85 1 3
11 92 1 4
11 96 5 4
11 97 6 5
11 100 4 3
11 115 5 5
11 137 6 5
11 158 4 3
11 161 4 4
11 169 8 4
11 173 6 4
11 174 5 2
11 176 2 5
11 178 6 3
11 179 7 2
11 196 6 4
11 198 6 4
12 11 3 5
12 25 8 3
12 30 4 1
12 57 7 3
12 76 1 2
12 115 6 2
12 126 3 2
12 149 2 1
12 159 3 2
12 169 5 3
12 174 5 5
12 176 3 2
12 190 2 4
13 24 3 5
13 36 2 2
13 57 7 5
13 69 8 1
13 83 5 4
13 95 4 2
13 116 2 2
13 120 4 1
13 144 5 2
13 147 1 3
13 181 2 5
13 182 1 4
14 35 1 3
14 41 2 4
14 52 2 2
14 61 5 5
14 64 8 1
14 79 6 4
14 80 8 1
14 89 7 5
14 91 8 1
14 92 3 4
14 96 2 5
14 98 3 5
14 108 8 4
14 117 6 2
14 127 5 3
14 140 8 4
14 143 8 2
14 175 7 5
14 191 1 5
15 6 6 5
15 16 7 2
15 37 1 4
15 39 3 4
15 49 2 2
15 51 8 1
15 66 8 1
15 68 7 2
15 70 4 2
15 73 1 5
15 74 1 5
15 84 7 4
15 101 7 5
15 124 4 2
15 154 1 5
15 162 4 5
16 6 6 4
16 39 8 2
16 51 6 1
16 55 6 4
16 70 2 2
16 84 6 4
16 94 6 1
16 123 6 2
16 124 5 5
16 128 4 2
16 131 8 4
16 136 8 3
16 164 4 5
16 167 7 1
16 184 3 2
16 192 6 2
17 1 5 2
17 3 1 1
17 5 5 2
17 6 4 3
17 9 6 1
17 31 4 1
17 37 7 1
17 51 7 3
17 53 5 1
17 55 1 4
17 58 8 4
17 62 6 5
17 66 4 1
17 82 1 1
17 83 6 1
17 84 1 2
17 86 4 2
17 105 8 3
17 124 8 1
17 128 4 5
17 145 3 3
17 154 4 1
17 163 1 2
17 165 7 1
17 173 7 4
17 189 6 2
17 193 2 5
17 194 6 1
18 4 4 3
18 22 7 3
18 23 3 4
18 52 7 5
18 54 1 2
18 59 3 2
18 61 4 4
18 80 3 5
18 81 8 5
18 86 5 4
18 98 4 5
18 106 4 4
18 110 1 4
18 118 1 2
18 127 5 5
18 132 1 5
18 135 2 4
18 161 3 3
18 187 7 5
18 191 4 1
19 40 4 5
19 93 1 5
19 96 7 3
19 100 1 2
19 143 3 2
19 152 3 1
19 158 8 5
19 175 2 1
20 11 2 2
20 14 1 5
20 43 1 2
20 44 7 1
20 50 5 4
20 56 7 4
20 71 7 3
20 72 8 5
20 79 1 2
20 97 4 5
20 98 1 3
20 106 3 3
20 109 3 5
20 115 1 3
20 141 7 2
20 143 8 5
20 152 6 5
20 161 8 4
20 169 3 5
20 170 8 1
20 172 2 1
20 175 1 5
20 197 3 5
20 198 8 4
21 48 6 2
21 54 5 3
21 80 7 2
21 91 1 5
21 110 7 3
21 114 6 4
21 118 1 2
21 130 3 5
21 135 1 4
21 140 7 2
21 146 3 2
21 151 8 1
21 168 4 3
21 186 2 5
21 188 4 4
21 191 4 5
22 7 8 5
22 11 1 1
22 14 3 2
22 20 6 1
22 26 2 3
22 27 3 2
22 35 1 4
22 41 8 1
22 60 6 1
22 61 6 5
22 64 4 1
22 71 4 4
22 72 8 5
22 77 5 4
22 79 6 2
22 92 3 5
22 98 1 2
22 100 1 1
22 108 8 1
22 110 5 5
22 143 5 1
22 150 5 4
22 161 6 2
22 185 5 1
22 191 2 1
22 198 2 2
23 4 2 3
23 7 3 1
23 9 6 5
23 41 6 5
23 54 3 5
23 61 6 5
23 65 1 3
23 66 7 5
23 75 5 2
23 80 1 1
23 81 6 2
23 84 5 2
23 99 6 5
23 110 3 2
23 113 5 4
23 118 4 1
23 125 5 2
23 138 8 1
23 139 5 5
23 145 2 3
23 168 6 1
23 187 6 1
23 191 8 5
23 194 4 4
24 28 3 5
24 29 7 5
24 33 4 2
24 36 4 5
24 63 7 4
24 67 2 2
24 83 1 2
24 95 8 3
24 116 1 4
24 120 1 4
24 133 6 1
24 156 5 1
24 180 3 1
25 2 5 3
25 32 6 5
25 57 8 2
25 67 2 2
25 85 5 4
25 115 7 3
25 116 4 3
25 149 5 1
25 159 2 4
25 179 8 2
25 190 4 2
26 14 8 3
26 21 8 5
26 60 3 1
26 110 5 5
26 118 8 2
27 5 1 1
27 8 7 5
27 10 2 4
27 12 5 2
27 20 3 4
27 33 3 5
27 45 3 2
27 47 7 4
27 72 1 3
27 77 8 5
27 79 3 4
27 82 4 3
27 83 5 5
27 86 2 5
27 89 8 5
27 105 7 1
27 111 8 3
27 115 7 2
27 133 3 1
27 137 5 4
27 141 2 1
27 148 5 2
27 173 1 2
27 174 1 4
27 178 3 3
27 197 1 2
28 25 4 3
28 33 1 2
28 57 2 2
28 67 3 5
28 69 8 2
28 76 8 5
28 83 4 1
28 120 6 4
28 126 2 1
28 133 4 3
28 147 1 3
28 148 6 3
28 159 3 1
28 174 1 1
28 178 4 1
28 179 7 1
28 189 7 1
29 13 7 4
29 36 2 5
29 57 7 1
29 63 1 2
29 69 6 1
29 102 7 5
29 112 4 5
29 142 8 4
29 144 8 4
29 148 5 1
29 159 5 4
29 189 1 2
30 3 7 5
30 8 3 1
30 10 7 3
30 17 6 4
30 31 3 3
30 45 6 1
30 57 8 3
30 86 2 2
30 88 5 3
30 90 5 2
30 92 1 5
30 97 2 3
30 105 4 5
30 111 5 2
30 126 1 1
30 141 4 2
30 148 7 4
30 159 2 4
30 169 1 5
30 178 5 2
30 179 8 4
30 185 5 1
30 197 7 4
31 8 1 4
31 10 7 5
31 18 6 5
31 52 2 2
31 60 8 2
31 77 3 2
31 83 7 4
31 86 6 2
31 92 5 1
31 106 7 3
31 111 2 4
31 128 5 2
31 131 1 3
31 133 7 1
31 145 6 1
31 161 5 1
31 178 3 5
31 183 2 1
31 194 4 4
32 1 8 1
32 2 6 4
32 5 1 3
32 10 2 2
32 30 3 4
32 42 4 2
32 50 8 1
32 69 8 2
32 76 6 1
32 77 7 1
32 83 1 2
32 86 2 4
32 126 4 2
32 148 6 4
32 149 5 1
32 169 3 1
32 176 6 4
32 178 8 5
32 185 6 3
32 197 4 4
33 2 1 1
33 10 5 3
33 12 6 2
33 25 3 3
33 30 6 2
33 32 8 5
33 42 7 5
33 67 4 1
33 72 1 5
33 97 7 3
33 116 2 5
33 133 7 3
33 134 3 3
33 149 3 3
33 159 5 1
33 178 4 2
34 3 1 2
34 9 2 5
34 17 7 4
34 23 1 5
34 35 2 4
34 38 5 2
34 41 6 1
34 53 6 3
34 59 2 4
34 77 4 4
34 88 2 4
34 98 1 1
34 103 5 5
34 110 5 3
34 135 8 3
34 145 2 3
34 157 5 3
34 191 8 4
34 194 8 4
34 197 2 3
35 4 8 3
35 9 3 2
35 18 3 1
35 23 1 1
35 31 2 3
35 41 1 5
35 47 3 4
35 53 1 1
35 59 4 4
35 66 2 3
35 75 5 1
35 79 3 2
35 86 7 4
35 89 2 2
35 92 1 1
35 103 3 5
35 106 1 2
35 108 1 3
35 110 4 2
35 132 8 4
35 139 3 4
35 160 3 1
35 170 5 5
35 173 4 3
35 185 3 3
35 194 6 4
35 197 4 3
35 199 8 5
36 0 7 4
36 57 8 1
36 69 5 4
36 82 5 5
36 104 6 1
36 120 4 4
36 121 1 4
36 147 3 4
36 156 4 3
36 165 1 3
36 183 2 4
36 189 7 3
36 190 2 1
37 3 5 4
37 16 3 1
37 31 7 5
37 38 7 5
37 39 1 4
37 45 6 1
37 49 7 3
37 65 2 5
37 82 2 1
37 84 5 1
37 112 2 1
37 123 3 5
37 124 6 1
37 129 7 2
37 157 6 2
37 162 6 4
37 167 2 3
37 177 8 4
37 183 3 5
37 192 5 4
38 1 6 5
38 5 6 3
38 6 7 1
38 9 4 5
38 15 3 5
38 17 5 4
38 31 1 1
38 35 4 2
38 39 3 5
38 45 5 1
38 51 8 3
38 53 7 1
38 68 6 4
38 77 8 4
38 84 1 5
38 86 6 4
38 87 5 5
38 102 8 1
38 105 6 1
38 113 6 5
38 124 1 3
38 125 7 5
38 131 6 2
38 138 2 1
38 162 8 5
39 6 2 5
39 49 6 1
39 51 5 1
39 55 6 3
39 65 4 3
39 68 6 1
39 101 3 1
39 125 5 2
39 128 3 2
39 131 5 1
39 162 2 1
39 167 5 4
40 50 3 1
40 56 7 5
40 107 4 1
40 119 6 2
40 137 3 2
40 150 6 5
40 152 8 1
40 176 5 5
40 198 5 3
41 18 8 2
41 44 2 4
41 45 2 1
41 52 5 5
41 53 5 4
41 54 3 2
41 59 5 2
41 66 5 2
41 75 5 3
41 79 5 4
41 81 3 2
41 89 1 2
41 91 1 3
41 92 7 5
41 98 1 3
41 99 1 2
41 103 8 3
41 106 3 3
41 110 1 5
41 127 6 4
41 130 2 1
41 143 5 3
41 151 4 5
41 160 6 4
41 196 2 5
41 197 3 4
41 199 3 3
42 12 4 3
42 20 5 2
42 25 1 3
42 40 4 2
42 50 8 4
42 56 5 4
42 72 4 3
42 93 8 2
42 96 3 2
42 115 5 3
42 149 3 1
42 152 4 5
42 158 3 1
42 175 8 4
42 198 7 2
43 11 5 3
43 19 2 1
43 40 7 2
43 72 5 2
43 85 3 4
43 107 4 1
43 119 5 3
43 137 7 3
43 152 2 5
43 158 7 4
43 169 4 1
43 176 7 3
43 198 3 3
44 1 1 3
44 7 3 1
44 11 1 3
44 14 1 4
44 22 6 3
44 35 3 2
44 56 5 4
44 72 3 5
44 86 3 1
44 100 3 4
44 161 6 4
44 169 1 5
44 198 7 3
45 3 1 1
45 8 1 2
45 9 2 1
45 10 5 4
45 17 7 5
45 18 3 2
45 35 2 1
45 53 8 1
45 61 6 2
45 65 6 4
45 66 7 2
45 74 5 5
45 77 2 4
45 86 2 3
45 98 1 1
45 105 7 1
45 127 2 5
45 131 1 4
45 142 6 1
45 161 2 5
45 183 8 3
46 23 2 2
46 26 2 4
46 41 4 5
46 54 5 3
46 59 2 4
46 64 4 5
46 78 1 5
46 99 8 3
46 114 4 4
46 118 8 5
46 130 5 1
46 135 4 3
46 140 4 3
46 146 1 1
46 153 3 3
46 168 4 1
46 172 4 2
46 186 7 5
46 191 2 3
46 199 5 3
47 11 4 3
47 14 6 1
47 19 1 5
47 20 2 2
47 22 1 3
47 26 4 5
47 44 7 2
47 56 7 5
47 86 2 5
47 89 4 2
47 92 2 2
47 96 1 1
47 106 7 5
47 117 2 4
47 122 4 4
47 141 5 2
47 150 5 3
47 158 1 1
47 170 6 2
47 172 4 3
47 175 2 2
47 196 1 2
47 198 8 3
48 4 6 3
48 26 1 2
48 54 5 2
48 61 4 2
48 64 4 5
48 75 2 3
48 78 7 2
48 80 3 2
48 91 2 3
48 98 6 2
48 130 1 4
48 132 5 1
48 139 2 4
48 146 7 4
48 153 2 2
48 168 2 1
48 186 4 1
48 191 3 1
48 199 2 4
49 17 2 4
49 38 4 4
49 55 2 4
49 66 1 3
49 74 1 1
49 94 2 5
49 101 3 5
49 112 8 4
49 128 3 3
49 154 3 5
49 162 2 4
49 163 2 4
49 165 3 1
49 192 7 3
49 194 3 2
50 11 1 5
50 12 3 4
50 25 1 4
50 43 1 4
50 93 1 3
50 96 3 1
50 100 7 1
50 122 5 4
50 176 1 3
50 198 2 2
51 6 7 4
51 37 4 2
51 49 1 5
51 55 3 2
51 58 6 5
51 62 4 5
51 68 6 2
51 70 6 5
51 74 8 3
51 84 2 3
51 101 5 1
51 124 3 2
51 136 1 5
51 163 1 5
52 1 1 3
52 4 4 4
52 9 6 3
52 20 4 3
52 22 2 5
52 35 6 5
52 45 6 1
52 47 4 3
52 61 3 2
52 64 2 2
52 65 4 4
52 66 8 4
52 71 8 2
52 75 1 4
52 80 1 2
52 86 6 1
52 90 7 2
52 92 2 2
52 99 6 4
52 105 4 2
52 108 5 3
52 113 5 4
52 127 2 1
52 139 2 5
52 143 1 3
52 160 1 4
52 161 5 2
52 170 5 1
52 172 3 4
52 173 6 5
52 186 2 4
52 187 7 1
52 197 5 3
53 1 6 3
53 5 5 1
53 10 3 2
53 18 8 4
53 27 6 1
53 30 6 3
53 37 8 4
53 52 5 1
53 55 4 4
53 62 6 4
53 77 2 1
53 79 5 1
53 83 5 2
53 86 3 5
53 105 2 5
53 111 2 1
53 113 6 4
53 122 1 5
53 127 5 1
53 131 3 5
53 133 6 3
53 142 1 1
53 145 8 5
53 161 5 4
53 185 3 5
53 193 2 1
53 197 8 4
54 9 5 2
54 34 1 1
54 35 3 3
54 65 1 4
54 78 2 4
54 80 6 4
54 81 8 4
54 132 3 1
54 138 7 4
54 146 2 5
54 151 8 1
54 160 6 1
54 168 6 4
54 186 1 2
54 187 6 1
55 0 6 5
55 36 1 5
55 38 2 1
55 73 5 4
55 74 3 3
55 87 7 2
55 105 4 3
55 112 5 2
55 121 8 3
55 129 6 2
55 136 8 3
55 145 2 4
55 154 4 3
55 156 1 3
55 162 7 5
55 165 1 1
55 167 5 2
55 177 5 5
55 183 3 3
55 192 3 2
55 193 4 4
56 11 3 5
56 19 7 3
56 43 7 5
56 50 3 3
56 60 5 4
56 92 5 5
56 93 5 1
56 100 5 3
56 108 7 5
56 115 8 1
56 143 3 1
56 172 2 5
56 197 4 2
57 10 4 3
57 24 2 3
57 32 8 3
57 33 6 5
57 69 8 2
57 83 8 1
57 126 1 2
57 129 4 1
57 133 7 3
57 134 7 5
57 142 2 4
57 155 3 2
57 174 7 4
57 178 8 1
57 180 8 1
58 15 8 1
58 37 1 2
58 39 3 5
58 55 3 5
58 62 8 5
58 65 4 3
58 66 6 1
58 68 5 3
58 94 6 5
58 101 7 4
58 103 5 3
58 131 5 5
58 154 2 4
58 162 1 4
58 163 7 2
58 167 3 4
58 177 4 4
58 184 3 3
59 7 2 3
59 9 6 2
59 23 2 3
59 38 2 3
59 45 5 3
59 48 8 4
59 52 6 2
59 54 7 4
59 61 5 5
59 65 1 3
59 75 5 1
59 84 5 3
59 86 7 3
59 91 5 5
59 99 6 3
59 127 4 5
59 135 8 3
59 145 5 3
59 160 5 1
59 168 2 1
59 194 6 1
59 199 2 2
60 14 8 2
60 20 4 4
60 27 2 4
60 30 8 1
60 34 8 3
60 35 5 5
60 45 7 4
60 47 2 3
60 52 8 4
60 64 6 4
60 77 7 4
60 89 3 2
60 92 7 2
60 96 7 5
60 98 8 5
60 106 7 4
60 110 5 2
60 122 6 3
60 127 7 2
60 130 1 2
60 150 1 2
60 170 4 3
60 191 6 5
60 196 5 1
60 197 5 2
60 198 1 5
61 4 2 1
61 7 8 5
61 9 2 1
61 34 6 1
61 41 2 3
61 44 6 2
61 47 2 5
61 53 3 4
61 54 6 1
61 64 4 1
61 65 5 2
61 75 6 5
61 77 2 3
61 79 6 4
61 80 1 1
61 86 4 2
61 91 6 4
61 99 7 5
61 103 6 4
61 110 4 3
61 117 6 1
61 118 4 2
61 139 1 5
61 145 2 4
61 160 3 5
61 168 3 5
61 187 3 3
61 191 6 3
61 194 6 2
61 197 8 5
62 3 3 2
62 8 2 5
62 30 6 1
62 31 5 4
62 36 3 1
62 37 3 2
62 38 5 2
62 45 7 3
62 49 8 2
62 55 8 2
62 69 2 4
62 83 8 3
62 90 4 1
62 103 5 2
62 120 2 3
62 121 1 4
62 124 3 4
62 129 1 4
62 133 6 5
62 136 3 1
62 166 4 4
62 167 4 4
62 193 6 4
63 13 6 4
63 57 1 5
63 62 5 2
63 69 7 5
63 95 2 3
63 104 4 5
63 116 5 2
63 121 3 1
63 144 2 1
63 156 3 2
63 189 2 1
64 21 2 2
64 26 2 5
64 47 8 2
64 92 1 1
64 98 8 2
64 117 6 1
64 118 8 2
64 127 5 5
64 130 5 3
64 140 8 1
64 143 8 3
64 150 4 1
64 151 6 2
64 160 3 1
64 170 2 1
64 171 4 4
64 172 8 1
64 196 1 2
65 3 3 1
65 4 8 5
65 5 3 3
65 9 4 2
65 17 2 1
65 18 3 2
65 35 5 3
65 38 4 3
65 68 7 5
65 81 5 3
65 86 2 3
65 89 4 2
65 90 5 2
65 92 6 4
65 163 6 4
65 191 7 1
65 194 7 2
66 0 3 5
66 9 1 4
66 18 3 4
66 31 6 2
66 34 1 3
66 37 2 5
66 39 5 5
66 53 6 4
66 54 3 4
66 59 1 2
66 61 5 2
66 68 4 2
66 75 8 3
66 84 3 4
66 88 8 3
66 89 7 2
66 99 2 2
66 125 2 2
66 128 1 1
66 157 6 1
66 163 8 4
66 186 2 5
66 187 1 1
67 12 1 1
67 57 1 2
67 76 1 4
67 95 7 2
67 148 8 3
67 179 8 5
67 189 3 1
67 190 3 2
68 6 7 3
68 16 4 2
68 49 7 4
68 55 2 2
68 101 7 2
68 123 4 1
68 125 8 5
68 157 3 1
68 163 6 3
68 167 2 2
68 194 3 5
69 5 6 3
69 24 7 3
69 25 4 1
69 33 3 2
69 67 1 1
69 76 6 4
69 95 6 4
69 102 2 3
69 104 3 2
69 111 6 2
69 116 3 3
69 120 5 1
69 129 1 2
69 142 7 3
69 147 2 5
69 148 6 2
69 155 7 5
69 156 4 2
69 174 3 2
69 179 3 5
69 180 7 5
69 181 2 4
69 182 4 3
69 189 1 3
69 195 1 1
70 39 3 2
70 49 7 1
70 58 8 2
70 94 5 2
70 157 4 5
70 164 2 4
70 184 7 2
71 14 3 3
71 44 2 5
71 47 2 5
71 60 6 1
71 64 5 5
71 72 1 2
71 79 6 1
71 92 8 5
71 96 3 3
71 98 2 1
71 100 8 2
71 106 2 3
71 115 5 2
71 117 7 2
71 122 7 4
71 170 8 1
71 172 6 2
71 175 6 3
72 2 4 4
72 10 2 4
72 11 7 4
72 12 3 2
72 25 8 1
72 32 5 3
72 40 7 1
72 47 1 1
72 50 5 1
72 79 8 2
72 93 4 2
72 109 3 4
72 115 8 2
72 122 6 2
72 143 8 5
72 149 3 3
72 150 4 5
72 158 8 3
72 161 7 5
72 175 4 4
72 185 5 1
73 6 3 2
73 16 6 1
73 39 5 3
73 51 7 1
73 58 4 3
73 68 2 1
73 74 3 2
73 84 5 1
73 101 3 1
73 112 8 2
73 123 4 4
73 124 6 4
73 154 1 5
73 157 7 2
73 166 4 1
74 0 7 2
74 6 8 4
74 9 6 1
74 16 5 3
74 17 2 3
74 31 1 3
74 37 8 5
74 38 8 1
74 39 5 4
74 53 3 4
74 65 5 4
74 66 2 2
74 68 5 5
74 70 4 3
74 84 7 5
74 90 4 4
74 94 7 1
74 102 1 5
74 123 2 3
74 129 8 3
74 131 3 3
74 145 8 1
74 164 8 5
74 165 8 5
74 167 6 3
74 183 5 3
74 193 3 5
74 194 1 1
75 4 3 2
75 9 7 2
75 18 5 3
75 54 4 2
75 78 8 3
75 84 8 2
75 99 7 1
75 113 1 3
75 118 5 4
75 135 1 4
75 139 4 2
75 145 1 3
75 157 8 1
75 171 6 1
75 186 2 3
75 187 2 2
75 191 1 3
75 194 3 4
75 199 2 2
76 1 6 3
76 5 8 4
76 8 7 2
76 25 3 2
76 33 2 1
76 57 8 5
76 83 2 4
76 90 1 4
76 95 2 5
76 97 8 5
76 105 7 3
76 116 2 2
76 120 6 3
76 122 8 2
76 126 6 4
76 134 4 3
76 142 4 1
76 155 5 5
76 169 1 4
76 173 1 4
76 176 8 3
76 179 1 1
76 185 8 4
76 195 5 3
77 1 6 1
77 3 7 2
77 5 1 4
77 7 8 2
77 9 5 5
77 11 7 2
77 17 2 5
77 20 7 3
77 30 7 2
77 35 1 4
77 44 8 4
77 52 4 1
77 59 1 1
77 65 8 2
77 79 8 3
77 88 6 2
77 97 7 4
77 102 3 1
77 105 6 1
77 106 7 4
77 122 7 1
77 128 6 1
77 161 4 1
77 163 4 3
77 178 1 3
77 179 6 2
77 183 8 4
77 197 3 1
78 21 3 4
78 23 1 2
78 91 7 2
78 132 4 2
78 140 7 3
78 153 7 3
78 168 4 5
79 7 7 4
79 18 1 4
79 30 5 2
79 44 6 2
79 56 8 3
79 86 6 3
79 89 6 4
79 97 2 3
79 106 2 3
79 115 4 1
79 117 4 2
79 122 8 5
79 130 2 1
79 150 1 1
79 175 5 5
79 185 1 2
80 9 2 5
80 22 5 2
80 26 2 5
80 34 3 2
80 46 2 3
80 59 6 3
80 60 7 2
80 64 2 1
80 79 5 2
80 89 5 5
80 91 7 3
80 98 8 4
80 99 4 3
80 108 7 1
80 110 4 1
80 130 1 2
80 135 5 1
80 139 4 3
80 140 5 3
80 143 6 5
80 160 6 5
80 170 2 1
80 172 1 3
80 187 3 5
80 191 6 2
80 196 1 5
80 197 4 1
80 199 1 4
81 4 6 4
81 34 6 4
81 35 4 1
81 46 3 4
81 52 6 2
81 61 5 4
81 66 4 3
81 75 2 1
81 78 5 1
81 84 6 3
81 99 5 2
81 118 2 1
81 168 1 3
81 171 5 1
82 1 7 4
82 3 5 5
82 5 6 5
82 8 2 1
82 30 5 5
82 31 3 2
82 32 4 1
82 38 1 4
82 45 7 5
82 53 6 5
82 55 7 2
82 57 8 3
82 62 5 1
82 69 7 1
82 76 2 3
82 77 1 5
82 83 7 2
82 90 4 5
82 103 5 5
82 104 1 2
82 126 2 2
82 131 5 3
82 136 4 1
82 141 3 3
82 144 2 2
82 161 6 2
82 163 7 1
82 173 7 3
82 179 5 1
82 180 2 5
82 190 5 3
83 1 1 4
83 3 5 5
83 5 2 4
83 8 8 2
83 10 4 5
83 30 8 4
83 36 6 2
83 55 7 5
83 63 4 2
83 95 5 1
83 105 3 5
83 111 3 3
83 120 2 2
83 121 1 3
83 134 7 2
83 136 4 1
83 148 4 4
83 156 4 3
83 173 5 1
83 178 3 1
83 183 3 5
83 189 7 4
84 3 1 5
84 6 7 5
84 39 3 3
84 45 7 1
84 58 7 5
84 65 7 5
84 88 8 1
84 94 1 3
84 113 3 2
84 125 8 3
84 131 3 3
84 138 4 2
84 167 7 1
84 184 4 3
84 194 5 3
85 2 6 4
85 12 1 1
85 32 4 3
85 40 7 5
85 42 6 5
85 72 2 3
85 115 3 3
85 122 5 2
85 149 8 1
85 158 3 1
86 1 7 2
86 3 4 2
86 5 1 4
86 7 1 5
86 8 5 2
86 11 5 2
86 34 5 4
86 41 2 5
86 77 4 1
86 90 3 2
86 99 6 1
86 113 8 2
86 127 1 2
86 141 4 5
86 142 3 3
86 145 1 4
86 161 2 4
86 173 5 1
86 178 6 4
86 183 1 5
87 15 3 3
87 17 4 3
87 37 2 5
87 51 6 5
87 58 1 1
87 62 3 5
87 73 5 2
87 74 3 3
87 101 6 2
87 128 2 3
87 131 6 2
87 136 5 1
87 154 6 1
87 157 6 2
87 162 5 3
87 164 4 3
87 167 1 3
87 177 7 1
87 192 8 5
88 1 8 1
88 9 7 1
88 17 1 3
88 31 8 4
88 35 6 3
88 38 8 4
88 45 5 1
88 53 3 2
88 62 5 1
88 65 5 4
88 83 3 3
88 86 1 5
88 89 8 1
88 92 5 5
88 113 5 5
88 128 6 3
88 131 2 3
88 133 7 5
88 136 3 5
88 141 5 5
88 142 7 4
88 183 8 5
88 197 6 1
89 1 6 3
89 3 2 1
89 5 4 5
89 18 6 1
89 22 4 4
89 30 2 2
89 31 7 5
89 34 7 5
89 38 1 5
89 53 8 3
89 59 5 2
89 61 3 5
89 77 3 2
89 81 2 3
89 86 2 2
89 90 5 3
89 92 3 5
89 103 6 5
89 111 6 3
89 128 8 5
89 132 8 3
89 143 5 5
89 173 2 3
89 183 2 4
89 185 8 5
89 194 4 5
89 196 5 4
90 0 8 2
90 3 1 3
90 7 8 5
90 9 5 4
90 10 4 4
90 11 8 4
90 17 4 5
90 27 2 3
90 31 2 4
90 32 5 5
90 34 2 1
90 35 3 2
90 45 6 3
90 53 6 3
90 55 4 3
90 60 6 3
90 83 5 2
90 88 4 2
90 97 5 3
90 106 1 2
90 111 1 2
90 128 5 4
90 133 3 4
90 141 4 3
90 142 3 1
90 161 2 1
91 18 3 1
91 26 5 5
91 46 4 2
91 52 8 1
91 54 5 4
91 64 6 5
91 81 5 5
91 98 8 5
91 99 3 3
91 108 2 5
91 110 5 4
91 160 6 3
91 188 1 2
91 191 7 5
92 7 2 5
92 18 2 5
92 20 8 4
92 34 7 2
92 44 1 1
92 45 7 5
92 53 3 1
92 59 5 1
92 79 4 2
92 86 8 2
92 90 1 5
92 96 3 3
92 98 3 4
92 103 1 5
92 105 8 3
92 108 8 3
92 113 7 3
92 122 3 1
92 130 3 5
92 132 3 1
92 145 7 4
92 172 4 2
93 43 2 1
93 100 6 4
93 107 4 1
93 150 2 1
93 152 7 2
93 175 6 2
94 15 6 5
94 37 5 4
94 51 3 2
94 65 5 5
94 66 4 3
94 68 5 5
94 87 1 5
94 101 4 3
94 124 3 1
94 125 8 1
94 128 1 4
94 154 1 5
95 25 8 3
95 29 6 3
95 57 8 1
95 116 4 5
95 155 7 3
95 181 4 5
95 190 2 4
95 195 3 5
96 1 5 1
96 22 4 5
96 27 1 4
96 44 7 1
96 56 2 2
96 72 8 5
96 79 7 3
96 86 2 4
96 97 5 5
96 100 8 2
96 107 2 2
96 109 3 3
96 115 7 3
96 137 5 2
96 143 1 2
96 150 2 3
96 161 5 1
96 169 8 3
96 170 3 5
96 172 1 5
96 176 3 1
96 185 1 3
97 0 1 1
97 2 1 1
97 5 8 4
97 10 8 5
97 12 5 5
97 17 1 3
97 27 3 5
97 31 1 4
97 32 1 1
97 44 2 3
97 53 1 1
97 69 4 3
97 72 1 3
97 82 6 4
97 86 2 5
97 88 1 3
97 89 6 4
97 92 2 2
97 102 1 5
97 115 6 2
97 137 2 1
97 142 8 4
97 148 2 5
97 159 6 4
97 174 4 3
97 178 3 5
97 179 4 4
98 26 5 3
98 35 3 4
98 44 7 3
98 52 7 2
98 59 4 5
98 61 8 3
98 77 2 5
98 81 7 3
98 86 1 5
98 89 4 3
98 96 5 2
98 113 3 5
98 130 4 3
98 140 8 4
98 143 5 4
98 160 5 4
98 161 5 3
98 172 1 3
98 191 2 4
99 7 6 1
99 18 1 2
99 34 6 4
99 35 6 2
99 45 5 3
99 48 6 2
99 54 3 2
99 60 7 3
99 84 7 3
99 89 7 3
99 98 8 3
99 108 8 5
99 110 3 5
99 132 7 4
99 135 8 3
99 139 1 5
99 145 6 1
99 160 5 5
99 171 7 5
99 187 7 5
99 194 2 2
100 40 1 3
100 42 4 3
100 60 2 4
100 85 8 1
100 119 4 4
100 137 3 2
100 143 4 1
100 169 2 2
100 170 1 5
101 16 7 3
101 70 7 1
101 124 6 4
101 166 3 1
101 177 7 2
102 0 4 5
102 1 5 3
102 5 6 3
102 13 4 1
102 27 3 5
102 30 8 3
102 31 2 3
102 36 4 1
102 37 4 2
102 45 2 1
102 55 2 2
102 57 5 2
102 62 8 1
102 63 7 1
102 76 5 2
102 82 3 5
102 83 1 1
102 86 6 1
102 88 3 1
102 90 3 5
102 120 2 1
102 128 3 4
102 129 1 5
102 134 6 1
102 142 7 2
102 156 3 1
102 163 5 5
102 173 8 4
102 174 6 5
102 179 5 3
102 185 6 5
102 190 8 1
103 0 7 1
103 9 5 1
103 17 8 1
103 27 5 3
103 30 4 4
103 37 1 5
103 38 4 5
103 45 4 4
103 53 5 3
103 55 4 1
103 60 1 4
103 65 2 3
103 66 5 4
103 74 5 2
103 77 3 2
103 80 4 4
103 84 7 4
103 86 2 5
103 88 7 4
103 90 7 1
103 97 8 3
103 99 7 1
103 102 1 2
103 105 8 1
103 110 5 3
103 125 2 3
103 127 8 5
103 131 2 2
103 138 1 3
103 141 7 4
103 163 1 2
103 173 5 2
103 185 4 5
103 186 4 5
104 13 3 2
104 29 7 1
104 57 5 1
104 62 4 3
104 95 3 4
104 102 1 3
104 121 3 1
104 129 6 2
104 142 3 2
104 144 1 2
104 147 3 5
104 148 2 4
104 180 4 1
104 182 5 5
104 189 8 1
105 5 1 5
105 9 3 4
105 10 2 5
105 32 7 1
105 34 8 1
105 35 4 5
105 62 8 4
105 69 6 5
105 74 8 1
105 82 8 1
105 89 1 2
105 90 1 4
105 102 6 3
105 131 4 5
105 133 1 2
105 163 1 4
105 178 5 4
105 179 7 1
105 183 4 3
105 185 5 4
105 189 2 5
106 0 7 2
106 7 4 4
106 11 6 3
106 22 5 2
106 27 4 3
106 30 1 3
106 34 1 1
106 44 3 4
106 52 2 3
106 56 1 3
106 59 3 3
106 61 5 2
106 65 1 3
106 80 1 5
106 86 5 1
106 88 7 4
106 89 3 2
106 96 6 4
106 98 1 4
106 99 2 3
106 103 6 2
106 105 8 3
106 111 6 2
106 122 1 5
106 127 6 5
106 143 2 1
106 145 1 4
106 150 5 3
106 172 2 5
107 50 3 5
107 56 7 1
107 71 2 2
107 109 2 4
107 175 8 1
107 198 2 2
108 26 1 3
108 41 8 5
108 44 4 5
108 47 5 3
108 60 3 1
108 64 6 1
108 79 8 3
108 89 4 3
108 96 1 5
108 98 5 1
108 106 6 5
108 110 5 2
108 117 3 5
108 118 2 2
108 130 1 1
108 140 7 5
108 160 5 2
108 161 8 5
108 175 2 4
108 197 7 5
109 19 1 5
109 22 8 3
109 40 2 3
109 44 3 2
109 47 6 4
109 93 1 1
109 175 6 3
109 196 8 2
110 4 4 3
110 45 8 4
110 52 4 4
110 59 5 3
110 64 4 5
110 65 1 5
110 75 2 5
110 79 5 4
110 86 2 1
110 89 8 3
110 92 4 2
110 98 5 5
110 106 7 3
110 113 5 2
110 127 7 1
110 135 2 1
110 139 4 5
110 143 8 3
110 160 1 5
110 170 7 5
110 196 8 5
110 199 2 3
111 5 6 1
111 33 8 4
111 38 1 1
111 45 6 3
111 57 5 2
111 76 6 1
111 77 6 3
111 79 8 3
111 82 7 5
111 86 1 3
111 88 6 2
111 92 4 3
111 97 4 5
111 103 4 4
111 105 4 5
111 133 1 3
111 141 1 1
111 148 3 3
111 149 7 4
111 179 7 4
111 183 2 4
111 189 2 1
111 197 2 4
112 6 6 5
112 17 5 3
112 36 7 5
112 51 7 1
112 63 6 1
112 74 6 3
112 87 1 3
112 120 5 4
112 121 5 3
112 124 8 4
112 154 3 3
112 156 7 1
112 162 7 3
112 163 6 2
112 182 7 5
113 31 6 4
113 34 7 5
113 35 6 4
113 41 4 2
113 45 1 5
113 54 6 3
113 61 7 4
113 65 3 3
113 77 2 1
113 80 6 2
113 138 2 3
113 168 8 1
113 186 5 4
114 48 3 5
114 91 4 5
114 151 2 2
114 168 8 2
114 188 4 2
115 1 3 5
115 30 8 2
115 32 2 1
115 33 7 1
115 44 7 1
115 47 4 2
115 50 2 2
115 60 2 3
115 86 7 2
115 100 6 4
115 134 5 1
115 150 1 3
115 152 8 4
115 158 7 2
115 174 5 1
115 176 5 5
115 197 8 1
115 198 1 5
116 28 4 1
116 29 5 3
116 57 2 4
116 67 4 3
116 83 5 1
116 104 2 4
116 134 2 2
116 147 6 1
116 190 5 5
116 195 1 1
117 21 6 3
117 22 3 1
117 41 2 5
117 46 7 4
117 48 5 4
117 52 5 3
117 60 7 2
117 80 6 1
117 91 6 5
117 92 3 2
117 98 7 1
117 110 8 3
117 118 4 3
117 130 1 1
117 132 6 1
117 143 1 1
117 171 1 3
117 191 7 5
118 4 8 1
118 7 6 2
118 34 6 2
118 35 3 4
118 41 3 4
118 52 2 2
118 59 8 5
118 78 5 5
118 80 3 1
118 91 1 1
118 98 1 3
118 99 3 3
118 113 5 1
118 127 3 4
118 151 2 5
118 153 2 3
118 188 6 1
118 191 5 5
118 199 8 5
119 19 5 3
119 42 7 1
119 72 2 3
119 93 2 1
119 107 4 3
119 109 2 1
119 152 6 3
119 158 1 2
120 10 2 2
120 17 8 3
120 29 3 1
120 55 4 5
120 57 2 2
120 82 5 1
120 88 3 3
120 105 8 2
120 111 8 1
120 116 1 5
120 121 5 5
120 126 3 5
120 129 3 2
120 148 6 3
120 173 1 5
120 178 2 2
120 181 7 3
120 182 3 2
120 189 6 3
121 29 1 2
121 69 2 3
121 82 7 4
121 129 3 4
121 133 4 1
121 154 7 2
121 166 7 1
121 189 6 5
121 193 6 3
122 2 7 3
122 10 2 3
122 11 7 1
122 12 2 5
122 20 3 3
122 22 7 5
122 30 5 3
122 31 6 5
122 32 2 2
122 42 7 3
122 44 7 2
122 45 5 1
122 56 6 1
122 86 8 3
122 96 3 2
122 100 5 1
122 111 4 3
122 115 3 1
122 158 8 4
122 161 5 3
122 173 1 4
122 174 1 1
122 178 6 5
122 179 7 1
122 196 6 2
123 15 3 5
123 49 4 4
123 51 7 4
123 70 2 5
123 84 3 3
123 87 8 3
123 94 2 4
123 101 5 5
123 124 8 5
123 157 6 3
123 162 6 1
123 166 1 1
123 177 7 3
124 0 2 5
124 6 7 2
124 39 1 1
124 55 7 3
124 58 6 5
124 66 3 2
124 68 6 1
124 87 8 3
124 128 4 1
124 136 7 4
124 154 5 1
124 164 2 5
124 165 3 5
124 193 1 4
125 15 1 1
125 34 5 4
125 54 3 1
125 58 5 4
125 59 2 1
125 65 4 3
125 70 5 2
125 75 7 2
125 81 6 2
125 113 2 3
125 124 5 3
125 128 2 5
125 184 7 4
125 186 7 2
125 194 7 1
126 10 7 2
126 13 5 4
126 24 8 1
126 67 7 4
126 69 8 5
126 83 7 3
126 95 3 3
126 104 2 1
126 116 1 4
126 133 1 1
126 142 3 1
126 148 1 4
126 159 1 1
126 174 2 3
126 179 5 1
126 189 3 3
126 195 7 4
127 3 1 1
127 9 7 2
127 22 6 1
127 34 2 2
127 35 3 3
127 44 5 4
127 47 6 1
127 48 8 5
127 54 5 3
127 61 6 1
127 65 2 3
127 66 5 1
127 75 5 3
127 77 1 1
127 80 4 1
127 81 6 5
127 89 5 2
127 91 4 4
127 92 1 5
127 99 8 1
127 108 6 5
127 113 1 5
127 117 6 5
127 132 8 5
127 135 3 4
127 139 8 3
127 145 8 1
127 161 2 4
127 168 5 1
127 187 5 4
127 196 3 5
127 197 4 4
127 199 8 5
128 0 5 2
128 3 8 3
128 18 7 1
128 34 5 5
128 35 3 2
128 37 6 2
128 38 8 4
128 45 3 5
128 55 8 1
128 59 4 4
128 62 2 3
128 65 8 2
128 68 5 5
128 74 6 4
128 82 7 2
128 84 2 1
128 86 5 5
128 99 1 3
128 103 1 4
128 105 2 4
128 113 6 1
128 157 2 1
128 193 4 4
129 8 3 5
129 17 6 4
129 29 5 5
129 36 8 1
129 63 4 1
129 82 1 1
129 83 8 1
129 112 6 3
129 133 7 2
129 136 6 4
129 148 1 3
129 182 3 2
129 183 8 2
130 7 3 2
130 14 8 1
130 18 7 4
130 22 7 5
130 35 8 1
130 47 3 5
130 52 8 5
130 61 8 2
130 127 8 3
130 170 5 3
130 196 2 2
131 3 5 1
131 15 1 2
131 17 8 2
131 37 2 4
131 49 8 1
131 51 6 4
131 62 7 1
131 65 5 5
131 68 2 2
131 90 5 5
131 102 6 1
131 112 3 2
131 124 5 4
131 128 1 5
131 129 4 1
131 136 8 4
131 154 4 5
131 157 3 2
131 162 1 4
131 165 3 4
131 166 5 1
131 167 6 4
131 193 8 3
131 194 3 4
132 7 7 1
132 14 6 1
132 21 6 4
132 22 6 4
132 23 8 5
132 41 1 2
132 46 2 3
132 52 7 2
132 59 3 1
132 61 2 2
132 64 5 1
132 80 2 3
132 81 2 1
132 91 5 1
132 106 8 2
132 108 2 1
132 110 5 3
132 118 8 2
132 130 8 5
132 135 6 2
132 139 6 1
132 140 4 2
132 151 1 2
132 168 8 2
132 170 8 3
132 171 2 3
132 188 5 1
132 191 1 5
132 196 1 4
132 199 5 2
133 0 4 5
133 1 8 2
133 8 7 1
133 17 4 5
133 30 5 4
133 32 7 1
133 63 1 3
133 69 6 3
133 76 5 5
133 82 6 4
133 95 3 4
133 97 4 1
133 104 8 4
133 120 8 4
133 134 3 2
133 144 4 3
133 178 5 3
133 179 4 5
133 181 6 5
133 185 4 1
133 193 8 4
134 1 5 3
134 12 4 5
134 24 4 3
134 28 7 4
134 30 5 1
134 32 8 3
134 67 3 2
134 69 4 4
134 85 3 2
134 97 1 5
134 111 2 3
134 126 6 2
134 155 7 3
134 174 3 4
134 178 1 2
134 179 4 4
134 189 2 4
134 195 2 3
135 23 2 1
135 41 6 5
135 48 4 4
135 54 7 1
135 61 8 5
135 78 1 4
135 81 8 2
135 91 7 1
135 113 2 3
135 139 3 5
135 146 2 3
135 151 3 3
135 153 2 5
135 160 4 1
135 171 4 4
135 199 4 5
136 0 4 1
136 13 5 5
136 17 5 5
136 29 6 5
136 36 6 3
136 63 4 2
136 69 8 4
136 102 4 5
136 105 1 4
136 112 5 3
136 120 3 2
136 121 1 5
136 133 1 5
136 142 4 4
136 144 8 2
136 154 6 1
136 156 1 2
136 166 5 1
136 167 4 4
136 180 7 2
137 2 2 1
137 12 3 2
137 20 8 4
137 25 3 4
137 32 8 2
137 33 4 4
137 42 6 2
137 50 2 3
137 72 6 2
137 76 2 5
137 85 8 4
137 122 1 3
137 134 1 1
137 176 4 3
137 178 1 4
138 4 1 4
138 18 6 3
138 34 4 5
138 41 1 2
138 58 4 3
138 59 8 5
138 66 4 5
138 75 1 2
138 94 2 1
138 99 6 5
138 125 7 5
138 127 6 1
138 128 8 5
138 135 8 1
138 139 1 3
138 157 8 3
138 186 2 1
138 187 4 3
138 194 3 2
138 199 1 2
139 7 1 2
139 18 7 2
139 21 6 2
139 34 8 5
139 54 2 3
139 65 3 3
139 66 6 5
139 81 1 1
139 91 8 3
139 113 7 2
139 114 8 3
139 146 7 2
139 160 2 5
139 187 3 1
139 188 6 5
139 194 2 1
139 199 2 3
140 26 7 4
140 48 2 1
140 91 3 2
140 110 3 3
140 117 6 5
140 118 1 4
140 151 4 4
140 153 1 3
140 172 3 1
140 188 5 1
141 2 4 4
141 3 4 4
141 11 5 4
141 12 5 2
141 22 7 1
141 31 2 5
141 32 8 2
141 33 8 5
141 35 4 1
141 42 7 5
141 52 6 5
141 53 4 1
141 60 2 1
141 71 1 5
141 76 1 2
141 79 3 4
141 89 6 3
141 92 5 4
141 97 4 3
141 105 7 3
141 115 6 2
141 133 3 2
141 137 3 3
141 149 6 4
141 173 5 1
141 179 7 3
141 183 3 5
141 185 6 2
141 196 7 5
142 0 2 1
142 5 5 2
142 10 8 3
142 17 4 1
142 31 1 1
142 32 2 1
142 33 8 2
142 36 7 4
142 55 8 2
142 62 1 4
142 63 5 4
142 77 5 2
142 83 5 1
142 103 6 2
142 111 2 1
142 120 3 1
142 121 1 2
142 129 7 4
142 133 6 3
142 141 1 5
142 144 6 4
142 148 7 1
142 161 8 5
142 180 1 4
142 189 2 5
143 11 3 2
143 26 4 4
143 44 2 2
143 47 4 5
143 60 3 3
143 61 2 1
143 79 3 2
143 86 6 3
143 92 2 3
143 108 4 5
143 122 1 3
143 127 6 2
143 132 2 5
143 141 8 4
143 172 5 2
143 196 6 4
143 198 4 1
144 8 3 1
144 57 8 3
144 62 6 2
144 83 1 3
144 88 1 3
144 105 7 5
144 111 7 2
144 112 8 4
144 120 3 4
144 121 2 1
144 154 2 5
144 182 6 5
144 183 1 1
145 0 2 3
145 3 8 1
145 5 6 3
145 18 2 3
145 35 8 5
145 37 8 1
145 41 8 3
145 45 6 1
145 54 7 1
145 65 1 2
145 66 6 2
145 68 2 1
145 77 1 1
145 81 5 3
145 84 1 3
145 88 4 4
145 89 7 5
145 90 2 2
145 94 6 3
145 105 7 4
145 110 8 5
145 125 8 3
145 128 6 5
145 131 7 5
145 157 6 1
145 161 7 3
145 163 7 1
145 173 4 2
145 187 4 2
145 194 1 5
146 78 6 5
146 91 7 4
146 132 2 5
146 171 6 2
147 57 3 4
147 63 7 2
147 67 5 2
147 83 6 5
147 95 3 1
147 121 8 3
147 126 4 2
147 144 5 3
147 148 2 1
147 180 7 3
147 181 8 5
147 182 3 3
148 10 5 2
148 12 4 2
148 13 6 5
148 25 8 4
148 33 3 4
148 36 4 5
148 63 3 1
148 76 6 3
148 82 7 3
148 95 2 5
148 102 7 2
148 116 7 1
148 133 3 4
148 134 4 3
148 144 5 2
148 155 6 3
148 156 1 5
148 181 8 1
148 190 6 3
149 1 2 4
149 2 7 2
149 11 6 3
149 27 8 4
149 56 4 5
149 76 8 5
149 96 4 2
149 97 8 1
149 100 4 1
149 122 8 3
149 134 6 4
149 137 5 4
149 152 7 5
149 158 4 4
149 161 3 5
149 169 7 2
149 176 2 5
149 178 6 2
149 179 3 4
149 185 8 4
149 197 6 1
149 198 4 3
150 14 7 1
150 20 8 1
150 44 3 1
150 56 1 1
150 92 3 4
150 98 5 1
150 100 3 3
150 107 6 3
150 109 7 4
150 122 7 5
150 175 5 1
150 196 2 3
150 198 5 2
151 18 4 4
151 23 2 3
151 26 2 5
151 46 4 2
151 48 3 2
151 61 1 4
151 75 6 2
151 78 2 5
151 80 6 2
151 91 1 2
151 98 5 1
151 99 5 1
151 110 4 5
151 117 1 1
151 130 3 3
151 139 6 2
151 146 2 2
151 153 7 4
151 160 7 5
151 187 2 3
151 188 5 1
152 11 5 1
152 50 8 1
152 56 5 2
152 109 6 4
152 176 4 3
153 54 5 5
153 91 8 2
153 146 6 3
153 168 4 3
154 16 4 5
154 37 2 1
154 38 3 4
154 39 2 2
154 51 7 2
154 62 2 4
154 68 3 2
154 74 3 1
154 101 5 1
154 129 4 5
154 157 8 1
154 165 1 4
154 182 4 5
154 183 8 3
154 193 5 5
155 12 6 4
155 24 8 5
155 25 8 4
155 28 5 4
155 67 3 2
155 104 2 1
155 116 4 5
155 126 1 2
155 133 2 5
155 147 2 2
155 189 4 5
155 190 6 1
156 13 6 4
156 29 6 5
156 57 7 2
156 62 6 3
156 82 3 5
156 104 2 2
156 129 1 2
156 142 1 1
156 180 7 4
156 190 7 1
157 9 1 2
157 15 5 3
157 16 2 1
157 38 8 1
157 45 3 3
157 49 1 5
157 51 3 1
157 55 1 1
157 65 6 3
157 74 3 1
157 84 1 1
157 88 2 2
157 94 8 5
157 103 6 4
157 124 2 3
157 125 2 5
157 162 8 1
157 167 1 2
157 194 3 4
157 199 3 2
158 20 6 2
158 32 2 3
158 40 3 4
158 44 7 1
158 50 1 3
158 56 7 5
158 71 7 1
158 93 2 2
158 96 3 3
158 100 5 5
158 109 7 5
158 137 2 3
158 141 4 1
158 175 1 4
158 196 2 4
158 198 5 4
159 5 8 2
159 13 5 2
159 24 3 5
159 32 3 5
159 36 6 3
159 67 4 1
159 76 2 3
159 83 8 3
159 95 2 2
159 104 4 3
159 111 7 4
159 116 3 5
159 120 6 1
159 129 6 1
159 133 4 1
159 134 5 1
159 142 4 5
159 147 6 4
159 148 8 1
159 156 4 3
159 173 3 3
159 178 4 5
159 180 8 3
160 7 7 4
160 18 3 2
160 21 3 3
160 23 2 4
160 26 8 3
160 46 3 3
160 48 2 4
160 78 1 1
160 81 3 5
160 114 4 3
160 118 7 5
160 127 2 2
160 130 1 4
160 140 8 5
160 146 6 1
160 153 3 1
160 168 5 5
160 171 7 1
160 172 3 5
160 186 7 3
160 191 8 3
161 3 2 2
161 7 6 1
161 8 5 5
161 27 3 4
161 30 8 3
161 32 3 3
161 34 7 3
161 35 2 4
161 41 2 1
161 56 4 3
161 61 7 1
161 71 2 3
161 79 4 5
161 88 2 5
161 92 6 3
161 97 2 4
161 103 5 2
161 105 6 2
161 106 4 3
161 110 4 5
161 111 4 1
161 150 7 4
161 185 2 2
162 17 4 3
162 68 1 1
162 70 3 3
162 74 8 3
162 84 3 2
162 94 5 2
162 124 1 3
162 125 1 4
162 154 6 1
162 163 3 4
162 165 5 4
162 167 1 2
162 184 4 1
162 192 4 5
162 194 1 1
163 3 3 1
163 15 4 3
163 16 8 4
163 37 4 2
163 38 3 4
163 39 7 2
163 45 8 3
163 53 8 4
163 55 5 5
163 62 6 3
163 73 2 4
163 74 8 2
163 83 7 2
163 87 2 1
163 88 1 2
163 90 7 2
163 111 8 3
163 123 4 3
163 128 3 1
163 129 1 2
163 131 4 5
163 136 5 1
163 142 6 3
163 144 1 2
163 154 6 1
163 157 4 4
163 165 1 3
163 166 1 5
163 167 5 2
163 173 4 4
163 183 4 3
164 37 5 5
164 39 7 3
164 49 7 2
164 51 5 1
164 58 3 1
164 68 8 3
164 73 1 4
164 94 6 5
164 101 5 2
164 123 1 4
164 131 5 5
164 162 1 5
164 165 8 4
164 166 6 5
164 167 4 2
164 177 8 1
164 192 5 2
165 0 3 4
165 16 3 4
165 51 6 5
165 58 4 2
165 62 5 1
165 63 2 2
165 87 5 2
165 102 8 2
165 120 4 3
165 121 8 1
165 123 8 2
165 129 6 2
165 136 7 1
165 144 2 4
165 156 4 1
165 167 4 1
165 177 8 4
166 16 4 3
166 17 8 1
166 37 2 3
166 55 6 5
166 58 2 1
166 74 2 2
166 112 4 2
166 129 5 2
166 144 8 4
166 154 4 4
166 162 4 2
166 167 7 3
166 182 6 5
166 193 4 4
167 6 1 5
167 15 2 5
167 17 2 2
167 38 4 5
167 49 6 3
167 51 7 1
167 101 6 4
167 123 5 5
167 124 2 2
167 128 1 5
167 154 3 5
168 18 4 2
168 41 3 4
168 75 1 5
168 80 1 3
168 99 6 5
168 110 5 2
168 118 2 2
168 135 6 2
168 139 5 5
168 151 8 2
168 187 1 1
168 191 4 1
169 2 1 1
169 25 8 4
169 33 1 3
169 40 8 1
169 50 8 3
169 56 6 1
169 72 2 4
169 85 2 1
169 97 2 5
169 115 5 4
169 122 2 4
169 134 6 1
169 137 8 5
169 141 1 3
169 152 7 2
169 176 4 1
169 178 5 5
169 179 1 4
170 22 5 4
170 41 8 3
170 44 4 1
170 56 5 1
170 79 7 5
170 98 8 3
170 106 5 5
170 109 2 2
170 117 1 3
170 127 7 5
170 150 2 4
170 175 8 5
170 191 3 2
170 196 4 4
170 198 5 4
171 18 8 4
171 21 1 4
171 23 8 3
171 26 6 3
171 41 5 3
171 46 2 3
171 48 6 5
171 54 3 4
171 59 6 2
171 61 6 4
171 78 8 5
171 80 1 1
171 91 1 5
171 114 5 4
171 118 4 1
171 127 8 1
171 130 2 1
171 139 4 3
171 168 8 2
171 186 7 2
171 187 6 2
171 188 4 4
172 7 4 3
172 14 8 1
172 18 6 4
172 22 8 2
172 26 1 1
172 35 7 1
172 41 5 3
172 44 1 5
172 48 8 2
172 60 4 2
172 91 6 2
172 108 6 5
172 110 4 1
172 117 8 1
172 127 7 5
172 130 7 5
172 132 6 1
172 170 7 1
172 171 5 3
172 197 7 2
173 0 2 1
173 1 7 2
173 10 2 4
173 30 7 5
173 31 8 3
173 32 1 3
173 38 8 5
173 53 2 1
173 62 6 3
173 69 2 3
173 77 4 4
173 79 4 5
173 88 3 1
173 90 6 4
173 97 6 5
173 105 3 2
173 115 4 5
173 128 5 3
173 133 5 1
173 134 1 4
173 142 6 1
173 161 7 1
173 179 1 1
173 197 3 2
174 1 2 5
174 2 3 3
174 5 5 5
174 25 6 5
174 30 1 3
174 32 1 5
174 33 4 5
174 67 3 2
174 76 4 5
174 82 5 5
174 90 8 2
174 95 6 4
174 105 3 1
174 111 6 5
174 116 7 1
174 120 2 5
174 133 8 4
174 137 4 5
174 141 6 2
174 142 6 5
174 148 6 5
174 149 1 2
174 155 1 1
174 169 1 1
174 173 2 1
174 183 2 3
175 11 6 4
175 43 4 3
175 56 6 1
175 60 5 2
175 100 7 5
175 119 7 2
175 143 7 5
175 152 4 4
176 2 6 4
176 25 1 3
176 27 6 3
176 33 2 5
176 42 7 3
176 72 8 1
176 100 3 2
176 122 8 4
177 6 6 1
177 15 5 3
177 16 6 3
177 39 4 2
177 49 2 1
177 51 5 3
177 70 8 2
177 73 6 4
177 74 5 3
177 84 6 1
177 94 2 2
177 112 5 5
177 124 8 5
177 131 2 5
177 154 4 4
177 157 1 4
177 162 2 4
177 163 5 1
177 166 4 4
177 167 5 5
177 193 2 1
178 3 2 1
178 8 8 4
178 10 5 1
178 12 6 5
178 25 6 4
178 45 3 5
178 67 5 5
178 72 5 2
178 76 5 1
178 90 2 5
178 102 3 1
178 111 2 3
178 115 8 1
178 142 4 5
178 148 6 1
178 161 2 4
178 183 2 5
178 197 5 5
179 1 3 2
179 2 7 4
179 3 4 4
179 8 2 4
179 10 1 2
179 12 4 1
179 31 2 1
179 32 5 2
179 33 8 2
179 45 2 1
179 57 4 4
179 86 6 5
179 88 2 2
179 90 1 3
179 106 2 1
179 115 4 1
179 137 1 1
179 142 2 4
179 148 3 5
179 159 8 4
179 174 5 1
179 178 8 5
179 183 4 3
179 185 8 4
179 189 5 4
179 195 4 1
180 8 1 3
180 63 4 5
180 83 3 5
180 102 6 1
180 112 5 5
180 120 4 5
180 121 5 1
180 129 1 2
180 144 4 3
180 148 7 4
180 165 3 4
180 181 1 5
180 189 6 1
180 190 4 4
180 193 6 1
181 24 7 2
181 28 5 4
181 29 4 1
181 36 7 4
181 67 1 4
181 83 6 4
181 104 4 2
181 121 6 1
181 126 2 3
181 129 2 5
181 144 3 4
181 155 3 4
181 159 4 3
181 189 1 1
181 190 2 4
182 36 7 4
182 37 4 4
182 55 5 1
182 83 2 5
182 131 5 5
182 133 8 3
182 136 3 2
182 165 5 3
182 180 1 3
183 0 8 4
183 3 1 1
183 5 6 1
183 17 1 3
183 27 4 3
183 30 7 2
183 38 1 1
183 53 5 3
183 82 7 4
183 97 4 1
183 102 8 4
183 103 1 4
183 128 3 5
183 131 8 2
183 133 7 4
183 136 6 5
183 142 2 2
183 145 4 5
183 148 5 2
183 165 3 1
183 173 6 3
183 193 6 3
184 15 3 4
184 23 8 1
184 39 8 5
184 68 8 1
184 94 7 3
184 138 2 1
184 167 5 1
185 0 8 5
185 5 8 3
185 17 5 5
185 20 8 5
185 27 2 5
185 44 8 2
185 45 7 2
185 47 4 1
185 52 7 5
185 60 8 1
185 71 6 4
185 82 7 1
185 86 1 4
185 106 2 2
185 111 8 5
185 142 8 5
185 143 1 5
185 169 3 4
185 174 5 2
185 183 6 4
186 9 8 5
186 18 1 4
186 23 6 5
186 34 6 4
186 35 3 2
186 41 1 5
186 59 4 1
186 61 6 3
186 80 2 2
186 81 6 3
186 89 7 3
186 91 6 4
186 92 6 2
186 98 5 2
186 99 4 3
186 106 6 2
186 118 7 3
186 132 8 5
186 135 7 1
186 139 7 3
186 145 8 3
186 168 4 5
186 187 8 3
186 191 2 5
186 194 3 5
187 4 5 4
187 7 6 1
187 9 6 5
187 34 6 1
187 35 2 3
187 41 3 1
187 65 8 1
187 81 8 1
187 84 2 1
187 89 4 4
187 110 8 5
187 113 7 5
187 118 5 4
187 132 6 2
187 184 3 4
187 191 6 2
187 199 3 3
188 46 7 1
188 54 8 1
188 78 2 1
188 135 1 1
188 160 8 1
188 168 7 4
189 5 8 3
189 8 1 2
189 13 1 2
189 24 3 3
189 30 1 2
189 57 4 5
189 62 4 2
189 76 6 2
189 95 4 2
189 102 8 2
189 116 4 3
189 129 5 5
189 133 8 3
189 136 6 2
189 144 4 2
189 147 2 3
189 148 6 1
189 156 7 2
189 159 4 4
189 174 8 3
189 178 8 3
189 182 6 4
189 183 4 1
189 190 6 3
189 195 8 5
190 10 3 2
190 13 6 4
190 29 2 4
190 57 8 3
190 76 1 4
190 83 5 4
190 104 8 3
190 120 3 5
190 126 2 1
190 133 8 5
190 134 4 3
190 142 5 1
190 147 3 2
190 159 4 2
190 174 3 1
190 178 8 1
190 179 4 4
191 26 7 2
191 41 8 1
191 44 6 3
191 47 3 1
191 54 1 2
191 59 2 5
191 81 5 2
191 89 3 3
191 92 2 3
191 106 1 3
191 108 3 3
191 110 1 3
191 127 4 3
191 130 6 3
191 135 7 5
191 143 1 3
191 151 3 5
191 172 1 4
191 199 6 2
192 15 6 2
192 51 7 1
192 68 1 3
192 70 8 3
192 73 3 2
192 74 2 4
192 94 3 1
192 123 2 5
192 124 5 1
192 131 2 4
192 136 7 2
192 154 7 3
192 165 3 5
192 167 8 5
192 177 8 1
193 3 6 2
193 16 3 2
193 31 2 1
193 37 8 5
193 38 5 4
193 49 2 3
193 51 4 1
193 83 7 5
193 102 7 3
193 104 8 5
193 105 3 1
193 112 8 2
193 129 1 5
193 136 2 4
193 144 7 4
193 156 7 4
193 162 8 1
193 163 4 3
193 165 8 3
193 167 4 5
193 182 5 3
193 189 8 2
194 4 8 2
194 15 1 5
194 18 4 1
194 41 6 2
194 45 7 4
194 52 7 1
194 53 3 2
194 54 2 1
194 58 2 1
194 81 7 4
194 88 5 1
194 94 5 1
194 103 5 3
194 113 3 4
194 124 3 2
194 127 5 5
194 135 3 1
194 163 2 1
194 184 2 3
194 187 3 3
194 199 6 1
195 2 4 5
195 10 7 5
195 12 6 5
195 24 4 5
195 25 4 5
195 33 3 1
195 57 8 4
195 67 6 5
195 83 8 3
195 133 8 1
195 147 1 4
195 148 4 1
195 155 1 3
195 159 1 5
195 174 1 5
195 190 6 3
196 7 3 2
196 14 3 2
196 19 4 4
196 20 5 2
196 22 1 2
196 26 4 5
196 27 2 4
196 44 8 5
196 52 3 1
196 56 8 3
196 61 6 5
196 79 8 2
196 92 8 4
196 96 5 2
196 98 1 3
196 100 5 4
196 106 2 4
196 108 6 5
196 115 8 4
196 117 8 3
196 161 5 2
196 172 6 5
196 175 3 3
196 185 4 2
196 191 6 2
196 198 6 2
197 5 2 2
197 7 2 4
197 9 4 2
197 11 1 2
197 22 3 2
197 31 1 3
197 44 1 1
197 47 1 1
197 71 6 3
197 79 7 5
197 89 2 1
197 90 7 3
197 92 2 4
197 96 2 4
197 98 8 4
197 100 3 2
197 103 2 1
197 105 4 3
197 106 4 1
197 110 3 5
197 141 7 3
197 143 5 4
197 150 4 4
197 161 8 5
197 170 7 5
197 179 7 1
197 185 3 3
197 196 3 1
198 14 5 3
198 19 8 1
198 56 1 4
198 71 5 5
198 93 2 2
198 96 3 5
198 100 1 4
198 108 3 4
198 109 1 2
198 119 6 3
198 152 8 5
198 169 8 3
198 175 1 5
199 18 8 4
199 23 1 4
199 45 5 3
199 52 8 2
199 54 5 4
199 61 1 2
199 65 5 4
199 66 7 5
199 81 2 2
199 84 8 1
199 103 3 2
199 113 5 5
199 145 7 4
199 151 5 5
199 160 7 1
199 168 5 3
199 171 8 5
199 186 2 1
