0 3 8 1
0 22 2 2
0 96 2 4
1 80 8 4
1 86 4 2
1 97 8 2
2 14 8 4
2 20 3 4
2 24 2 3
2 31 1 5
2 43 3 4
2 49 3 5
2 75 8 2
3 4 4 3
3 76 3 5
3 85 3 5
4 0 2 2
4 15 6 1
4 25 4 3
4 29 2 3
4 59 2 5
4 68 1 4
4 73 3 5
4 96 5 5
5 36 5 1
5 40 5 1
5 48 6 1
5 56 1 2
5 77 1 4
5 93 1 3
6 12 8 2
6 13 8 5
6 74 1 2
6 87 8 3
6 91 8 4
7 2 1 4
7 14 7 2
7 21 8 1
7 37 7 1
7 44 7 3
7 49 2 3
8 33 6 1
8 36 4 1
8 48 8 1
8 64 2 1
8 83 3 4
9 32 5 5
9 41 6 1
9 90 4 2
9 99 8 3
10 11 4 2
10 30 3 2
10 63 6 4
10 82 2 2
10 85 3 1
11 9 6 4
11 63 3 4
11 76 5 4
11 79 8 3
11 90 5 2
12 91 2 3
13 14 7 2
13 43 3 5
13 56 8 2
13 91 3 3
14 18 2 1
14 24 5 1
14 33 2 3
14 35 7 2
14 43 7 3
14 56 5 4
14 70 6 2
14 78 1 1
14 84 7 2
14 95 2 1
15 17 4 2
15 54 3 1
15 59 4 4
15 73 4 1
16 26 4 2
16 50 4 1
16 60 8 2
16 61 7 3
16 65 7 5
16 89 1 5
16 94 6 3
17 0 6 3
17 3 3 3
17 4 1 5
18 2 5 2
18 20 1 4
18 24 6 2
18 33 4 3
18 43 2 5
18 46 8 2
18 49 1 4
18 51 7 3
18 64 7 1
18 95 5 5
19 26 1 4
19 61 3 4
20 31 1 2
20 49 1 2
20 55 5 2
20 57 2 4
20 64 4 2
20 75 5 3
20 92 7 3
20 95 6 5
21 24 3 1
21 41 6 4
21 45 7 1
21 47 4 4
21 70 7 2
22 3 8 2
22 4 4 1
22 17 6 4
22 25 3 2
22 52 1 1
22 76 6 4
22 96 7 3
23 7 5 1
23 37 7 5
23 44 2 1
23 78 4 2
23 90 7 2
24 7 5 1
24 35 1 4
24 37 3 5
24 43 7 2
24 45 6 2
24 70 3 5
24 84 4 4
24 88 3 2
24 95 8 2
25 3 1 1
25 15 6 5
25 17 2 3
25 29 7 3
25 85 3 4
26 61 7 3
26 72 3 4
26 81 1 5
26 89 5 1
26 97 7 5
26 98 8 4
27 9 1 3
27 11 1 2
27 23 5 3
27 34 8 4
27 63 5 2
27 70 2 4
27 78 6 2
27 79 5 2
28 5 6 5
28 8 6 1
28 40 7 2
28 91 5 5
29 0 3 5
29 3 5 4
29 15 6 3
29 22 6 5
29 52 6 2
29 54 7 1
29 59 6 4
30 11 6 3
30 34 5 4
30 76 4 5
30 82 8 3
31 49 4 5
31 67 4 5
31 92 5 3
31 95 5 3
32 21 6 2
32 23 1 1
32 27 5 1
32 41 2 2
32 44 7 2
32 70 2 4
32 78 2 3
32 90 6 4
32 99 8 3
33 2 6 4
33 13 4 2
33 24 4 4
33 46 2 1
33 49 7 2
34 10 1 3
34 11 8 5
34 63 4 5
35 7 2 5
35 13 3 4
35 18 8 1
35 33 7 4
35 43 1 2
35 45 1 4
35 84 6 1
35 88 6 3
36 38 4 1
36 40 2 2
36 64 7 5
36 71 5 1
36 83 1 4
37 21 6 3
37 69 5 3
37 70 1 4
38 31 5 1
38 57 1 1
38 67 6 3
38 75 2 3
38 95 2 1
39 6 3 3
39 12 3 4
39 74 2 4
40 8 7 4
40 48 6 3
40 51 7 1
40 58 1 1
40 71 6 4
41 23 1 5
41 44 5 1
41 62 3 4
41 99 8 1
42 16 6 5
42 26 2 3
42 38 2 1
42 57 7 5
43 8 2 5
43 51 2 3
43 58 6 4
43 77 7 4
44 21 4 4
44 37 2 3
44 47 3 3
44 62 7 2
45 37 8 1
45 84 4 5
46 5 4 1
46 8 6 2
46 13 7 2
46 28 7 2
46 43 3 5
46 51 7 5
46 56 5 1
47 2 6 5
47 7 3 1
47 14 3 2
47 23 4 4
47 24 2 2
47 55 6 4
47 70 5 4
47 78 5 4
47 90 4 2
48 18 2 4
48 33 7 1
48 46 8 4
48 56 7 3
48 77 4 2
48 83 5 4
49 14 1 4
49 43 3 1
49 47 3 2
49 56 8 4
49 75 7 1
49 78 2 1
49 95 2 5
50 26 1 5
50 38 3 2
50 57 6 3
50 65 6 4
50 72 4 3
50 94 6 4
50 98 1 5
51 5 4 1
51 8 2 2
51 20 1 1
51 36 1 1
51 38 6 1
51 48 8 3
51 56 1 1
51 64 1 1
51 71 1 4
51 83 3 3
51 93 1 4
52 4 1 4
52 15 5 4
52 68 7 3
52 73 1 5
52 96 8 4
53 6 7 5
53 12 4 4
53 39 1 2
54 0 4 2
54 4 4 5
54 17 4 3
54 25 8 5
54 73 3 1
54 76 2 4
54 82 2 2
54 85 2 5
55 2 3 3
55 18 1 3
55 31 1 1
55 49 8 5
55 75 4 2
55 95 3 3
56 8 7 4
56 18 2 4
56 33 8 1
56 75 4 2
56 77 6 1
56 95 5 5
57 36 2 1
57 64 3 5
57 72 6 4
57 75 6 3
58 5 4 5
58 8 1 5
58 18 6 1
58 28 7 4
58 33 2 5
58 36 1 2
58 46 2 1
58 48 1 2
58 51 5 5
58 56 2 1
58 71 6 4
58 77 4 2
58 83 3 4
59 52 8 3
59 73 4 2
60 26 2 4
60 50 6 5
60 57 7 2
60 66 6 2
60 72 1 5
60 81 7 3
60 97 2 2
61 42 1 4
61 50 6 4
61 60 3 4
61 65 1 3
61 68 8 4
61 72 2 4
62 32 2 5
63 30 8 4
63 76 4 4
63 82 4 1
63 85 2 2
64 38 6 5
64 46 5 1
64 56 3 5
64 58 6 1
64 75 5 3
64 83 3 2
64 98 4 4
65 26 7 1
65 42 8 3
65 81 3 3
66 16 1 5
66 26 1 2
66 36 7 2
66 42 5 1
66 50 1 3
67 36 4 5
67 42 6 5
67 51 5 3
67 98 1 2
68 15 3 5
68 59 8 4
68 96 6 4
69 7 5 4
69 23 6 2
69 32 6 3
69 41 2 2
69 44 4 1
69 45 7 4
70 2 5 4
70 7 5 2
70 44 4 3
70 84 7 2
70 88 5 1
71 46 2 5
71 48 6 3
71 56 3 5
71 64 8 5
71 67 4 1
71 83 8 1
71 93 3 1
72 16 5 5
72 42 7 1
72 68 1 4
72 98 8 4
73 0 7 2
73 3 2 4
73 17 4 1
73 22 2 2
73 29 4 3
74 12 1 4
74 53 4 5
75 18 3 5
75 31 3 5
75 92 6 5
75 95 2 2
76 10 4 4
76 79 2 5
76 82 4 2
77 6 2 2
77 8 6 4
77 13 8 2
77 28 8 1
77 33 6 5
77 46 6 1
78 2 5 1
78 7 5 2
78 24 7 5
78 44 7 1
78 84 4 5
79 9 5 3
79 30 2 5
79 34 4 1
79 82 7 1
79 90 8 5
79 99 1 2
80 19 8 3
80 86 5 4
80 97 6 3
81 42 2 3
81 50 2 3
81 57 3 2
81 61 6 1
81 67 2 4
81 98 2 1
82 3 8 4
82 25 1 3
82 34 2 1
82 85 7 5
83 5 1 4
84 2 8 3
84 7 2 1
84 18 8 3
84 33 3 2
84 47 8 2
84 49 2 1
84 88 5 1
85 22 8 5
85 34 1 5
86 97 7 2
87 28 4 1
87 77 3 2
88 21 7 1
88 33 6 2
88 37 7 3
88 45 1 2
88 47 1 1
88 69 5 4
89 19 4 5
89 60 4 2
89 61 3 5
89 65 8 5
89 68 3 2
89 94 1 2
90 27 1 2
90 30 7 2
90 34 4 1
90 63 3 1
90 78 5 4
91 39 5 3
91 53 6 5
91 74 2 1
91 87 1 2
92 38 1 2
92 55 6 2
92 95 4 1
93 36 5 3
93 58 6 3
93 64 2 1
93 66 4 2
93 83 7 5
94 26 3 4
94 42 4 1
94 61 7 5
94 68 2 3
94 72 6 1
94 81 8 5
94 96 5 3
94 98 6 3
95 2 5 2
95 43 7 5
95 67 6 5
96 15 4 5
96 25 3 1
96 29 8 5
96 59 6 1
96 73 1 3
97 16 6 3
97 19 8 3
97 65 1 2
97 66 7 1
98 36 4 1
98 42 7 5
98 57 8 3
98 60 8 5
99 27 4 3
99 90 1 5
