0 7 2 15
0 53 24 10
0 57 23 1
0 59 32 5
1 3 45 16
1 4 49 11
1 32 10 8
1 74 12 7
1 80 34 9
1 85 24 17
1 90 51 9
1 93 35 8
2 18 46 12
2 19 8 2
2 30 55 2
2 47 34 16
2 48 11 20
2 61 58 13
2 67 52 17
2 71 42 20
3 9 12 4
3 44 9 10
3 79 52 11
3 83 61 10
3 85 11 18
3 97 9 7
4 3 15 14
4 13 17 20
4 21 17 5
4 27 55 11
4 35 6 2
4 74 61 17
4 79 8 8
4 83 26 11
4 95 3 12
4 97 14 13
5 3 18 20
5 9 53 19
5 10 11 14
5 16 37 9
5 44 29 5
6 2 20 13
6 7 15 20
6 15 33 13
6 34 45 5
6 55 11 18
6 61 26 10
6 69 47 11
6 81 33 18
6 89 40 7
6 96 62 2
7 2 38 14
7 19 24 4
7 58 17 12
7 60 60 2
7 67 43 4
7 89 56 4
8 16 23 4
8 30 46 20
8 46 5 6
8 47 58 14
8 64 19 2
8 77 50 3
8 92 61 15
9 4 17 4
9 33 2 17
9 54 4 16
9 84 1 1
9 85 34 12
10 6 60 17
10 9 1 15
10 11 56 10
10 22 58 1
10 30 3 6
10 38 18 17
10 40 8 20
10 46 52 14
10 61 3 4
10 68 23 20
10 77 16 1
10 89 24 20
10 96 41 5
11 6 18 6
11 12 44 7
11 15 46 20
11 17 13 12
11 18 36 4
11 22 51 8
11 58 20 7
11 68 55 1
11 70 12 4
11 85 56 19
11 93 16 19
11 96 31 11
12 6 31 3
12 15 46 13
12 25 25 16
12 54 38 16
12 61 56 7
12 62 51 8
12 68 39 20
12 69 39 7
12 89 44 13
12 90 17 2
12 93 37 17
13 3 32 9
13 5 60 20
13 9 31 10
13 26 25 19
14 8 33 15
14 42 57 16
14 47 14 6
15 1 28 11
15 3 21 9
15 9 13 20
15 41 46 7
15 45 32 4
15 73 9 17
15 79 44 15
15 84 36 4
15 96 6 9
16 9 13 8
16 10 44 6
16 77 16 3
16 86 40 13
17 6 38 4
17 28 24 16
17 34 62 1
17 36 8 5
17 51 37 16
17 58 32 16
17 73 60 1
17 88 39 16
17 90 16 19
17 93 54 2
17 96 53 18
17 99 26 18
18 6 9 8
18 7 13 13
18 10 56 4
18 15 1 16
18 17 27 10
18 61 40 18
18 62 43 2
18 70 49 5
18 89 53 5
18 93 36 3
18 96 18 14
19 6 33 5
19 42 44 7
19 57 53 17
19 58 37 19
19 62 2 4
19 69 36 4
20 2 47 10
20 7 13 2
20 19 15 14
20 42 52 18
20 59 36 11
20 60 49 13
21 3 35 17
21 13 45 5
21 33 27 11
21 74 50 10
21 75 64 9
22 6 6 11
22 12 48 5
22 18 24 16
22 24 38 14
22 47 2 9
22 62 21 17
22 84 62 20
22 96 5 6
23 28 28 15
23 29 55 7
23 31 18 10
23 37 8 20
23 66 51 3
23 80 63 17
23 88 55 1
23 99 64 5
24 6 33 6
24 8 41 13
24 9 25 17
24 12 35 2
24 16 24 13
24 30 8 17
24 38 63 16
24 47 26 7
24 54 53 18
24 61 62 13
24 68 51 8
24 77 64 2
25 11 20 7
25 15 40 20
25 23 15 10
25 28 5 5
25 56 32 17
25 73 42 14
25 83 34 10
25 84 55 7
25 85 56 10
25 87 8 18
25 88 23 20
25 90 45 15
25 99 13 17
26 1 16 5
26 4 8 16
26 44 30 3
26 56 23 14
26 74 43 10
26 75 4 14
26 97 52 6
27 5 19 7
27 9 49 15
27 13 6 10
27 21 43 1
27 33 64 3
27 44 58 9
27 46 12 17
28 31 4 13
28 37 34 10
28 51 41 8
28 65 57 18
28 73 18 15
28 76 59 15
28 80 63 3
28 87 49 1
28 90 54 2
29 37 30 20
29 98 10 13
30 14 6 19
30 38 51 16
30 42 31 9
30 46 49 6
30 47 18 3
30 61 52 9
30 68 36 12
30 72 33 10
30 92 61 18
31 25 52 18
31 36 25 14
31 45 21 8
31 82 13 19
31 87 55 14
31 88 49 8
32 25 64 20
32 31 19 11
32 74 3 4
32 79 55 19
32 83 52 20
32 85 13 18
32 93 33 19
32 94 59 12
33 3 3 10
33 4 50 11
33 5 4 8
33 26 3 16
33 44 56 4
34 15 32 12
34 22 4 19
34 25 22 20
34 58 6 11
34 70 40 15
34 85 42 9
34 90 27 5
34 99 38 20
35 3 38 9
35 13 38 15
35 27 15 13
35 33 39 9
35 41 33 10
35 43 8 17
35 44 56 7
35 74 29 8
36 1 9 3
36 28 50 3
36 32 9 3
36 41 45 14
36 43 27 18
36 66 20 15
36 76 42 15
36 84 40 17
36 85 45 9
36 87 26 17
36 88 22 11
36 90 58 6
36 93 9 11
36 94 31 13
36 97 25 13
36 98 64 8
37 31 48 13
37 65 33 8
37 82 53 17
37 87 30 6
37 88 12 14
38 8 24 6
38 16 61 6
38 46 23 8
38 47 4 14
38 61 63 4
38 77 34 18
38 86 1 2
39 58 14 10
40 5 47 12
40 8 50 14
40 14 49 19
40 24 17 18
40 30 60 12
40 38 46 14
40 46 24 10
40 48 2 5
40 72 43 14
41 3 61 17
41 4 9 20
41 54 38 20
41 75 1 2
41 76 56 11
41 97 7 20
42 2 54 3
42 48 10 6
42 86 7 12
43 1 36 1
43 3 40 17
43 4 39 16
43 21 20 7
43 26 50 11
43 41 36 12
43 75 40 7
43 79 8 12
43 83 39 14
43 85 49 3
43 93 43 15
43 94 32 17
44 4 18 9
44 9 4 1
44 13 50 11
44 95 57 17
45 11 62 7
45 17 57 16
45 18 33 5
45 28 52 11
45 34 39 9
45 51 42 2
45 58 47 6
45 80 60 8
45 88 6 1
45 93 8 18
45 96 44 5
45 99 5 16
46 5 56 8
46 9 33 1
46 24 13 11
46 72 31 12
47 6 34 1
47 10 61 5
47 19 13 18
47 20 18 7
47 40 31 7
47 42 32 13
47 62 29 17
47 69 16 11
47 89 23 6
47 96 59 10
48 6 10 17
48 8 11 12
48 10 58 18
48 14 44 19
48 16 64 11
48 18 8 6
48 22 48 14
48 24 43 5
48 30 63 14
48 46 50 9
48 61 11 14
48 68 42 11
48 89 38 17
48 96 28 19
49 39 31 1
49 50 13 15
49 52 43 11
49 58 56 14
49 63 13 3
49 70 14 7
50 7 49 17
50 39 44 13
50 53 19 19
50 59 32 8
50 67 37 11
50 71 7 3
50 78 50 5
50 81 19 17
50 91 57 14
51 25 36 8
51 39 1 4
51 49 53 12
51 50 8 3
51 63 14 17
51 73 25 2
51 78 56 4
51 81 51 2
51 82 62 3
51 99 60 15
52 39 35 5
52 50 53 11
52 55 34 4
52 58 28 13
52 63 32 7
52 69 13 1
52 78 19 12
52 89 12 18
52 91 4 19
53 2 63 17
53 7 54 17
53 19 42 3
53 20 38 3
53 52 35 2
53 59 59 11
53 60 36 14
53 67 21 6
53 81 56 16
54 1 6 9
54 5 40 13
54 11 44 17
54 26 60 20
54 43 4 5
54 73 35 5
54 83 6 6
54 85 5 1
55 0 42 15
55 2 34 7
55 7 11 4
55 20 30 2
55 39 13 6
55 53 6 18
55 58 45 17
55 62 28 9
55 67 3 16
55 68 63 14
55 71 12 6
56 1 61 4
56 3 49 6
56 41 40 13
56 79 6 18
56 80 52 20
56 83 34 6
56 84 14 9
56 90 2 3
56 98 53 16
57 2 50 3
57 7 25 8
57 20 37 19
57 50 34 14
57 52 44 20
57 53 61 15
57 55 56 16
57 60 53 2
57 69 48 16
58 2 57 3
58 6 12 7
58 18 12 8
58 22 1 2
58 50 3 3
58 51 45 20
58 57 50 2
58 60 57 10
58 63 8 11
58 73 57 19
58 81 18 2
58 89 22 14
59 2 35 9
59 7 61 1
59 19 33 16
59 55 27 6
59 71 57 3
60 0 63 8
60 2 58 6
60 19 16 15
60 39 34 18
60 49 15 10
60 50 34 18
60 52 55 7
60 55 36 13
60 59 18 7
60 71 12 11
60 81 61 15
60 89 17 3
60 91 56 5
61 11 26 16
61 19 2 8
61 34 41 4
61 40 6 15
61 47 29 10
61 55 40 6
61 58 25 8
61 68 27 14
61 69 45 5
62 2 36 3
62 6 22 10
62 11 64 17
62 15 26 16
62 34 35 16
62 58 4 14
62 69 17 10
62 71 56 4
62 73 10 6
62 89 5 3
62 96 3 14
63 7 21 17
63 39 60 2
63 50 22 17
63 60 63 20
63 70 45 4
63 71 36 1
63 81 15 11
64 14 39 10
64 16 42 13
64 30 27 4
64 40 21 1
64 48 8 6
64 92 62 2
65 23 22 5
65 29 62 19
65 31 23 18
65 51 4 17
65 80 9 19
65 82 51 8
66 29 29 16
66 31 30 9
66 32 50 5
66 37 46 19
66 45 55 18
66 56 1 6
66 65 18 12
66 82 9 5
66 83 63 14
66 88 51 20
66 97 27 15
66 98 46 1
67 20 56 14
67 57 33 20
67 58 29 10
67 59 15 10
67 60 10 17
67 68 6 14
67 69 12 12
67 71 48 7
68 6 20 16
68 7 21 11
68 18 64 11
68 19 16 14
68 20 18 18
68 22 5 8
68 34 3 11
68 38 47 16
68 42 21 8
68 47 63 4
68 58 25 6
68 62 40 2
68 96 49 5
69 2 54 6
69 11 47 16
69 20 16 15
69 22 16 18
69 48 34 8
69 50 21 4
69 53 41 15
69 58 53 6
69 59 17 4
69 60 53 14
69 68 42 1
69 71 11 18
69 89 31 7
70 17 58 19
70 25 31 13
70 28 1 18
70 39 6 12
70 45 22 12
70 50 48 10
70 51 19 2
70 65 41 17
70 73 18 18
70 81 42 16
70 96 21 17
70 99 57 18
71 0 43 10
71 7 1 19
71 19 39 1
71 20 57 3
71 39 31 1
71 52 60 2
71 53 1 9
71 57 41 18
71 58 19 13
71 81 51 4
71 89 17 1
72 8 43 10
72 14 30 6
72 16 40 6
72 48 7 13
72 64 30 9
72 77 56 6
72 86 3 15
73 11 57 1
73 18 19 2
73 34 28 1
73 84 26 10
73 89 43 13
73 99 58 11
74 3 33 5
74 41 35 15
74 54 44 18
74 56 63 11
74 75 2 6
74 84 17 17
74 85 58 8
74 93 39 4
75 1 17 2
75 3 43 4
75 4 53 14
75 32 13 10
75 35 4 2
75 54 22 16
75 56 47 12
75 79 33 14
75 85 17 14
75 94 2 16
75 95 50 11
76 1 59 4
76 15 41 13
76 17 26 20
76 66 45 6
76 73 49 5
76 80 5 10
76 82 45 15
76 83 38 3
76 84 56 1
76 85 6 8
76 93 41 9
76 97 60 8
76 98 57 5
77 5 57 15
77 46 47 1
77 48 58 2
77 64 42 1
78 58 62 20
78 60 40 4
78 70 56 17
79 26 9 3
79 35 3 7
79 36 20 3
79 41 40 9
79 54 36 14
79 74 57 12
79 84 1 17
79 93 48 6
80 25 64 3
80 29 50 1
80 31 44 2
80 32 25 16
80 36 18 14
80 66 19 17
80 82 3 20
80 87 11 7
80 88 9 14
80 90 7 4
80 93 38 5
80 97 2 16
80 98 60 12
81 7 4 13
81 18 64 11
81 39 18 14
81 49 19 20
81 52 31 2
81 59 1 14
81 62 7 17
81 69 16 12
81 78 44 10
81 89 11 9
81 91 10 1
82 23 8 9
82 25 22 6
82 28 30 9
82 29 56 8
82 45 23 5
82 70 45 3
82 87 5 3
82 90 48 11
82 98 49 11
82 99 3 9
83 1 62 6
83 12 18 17
83 15 4 9
83 17 5 2
83 26 58 2
83 73 21 15
83 74 44 6
83 79 31 4
83 80 41 18
83 84 4 4
83 93 20 20
83 94 8 2
83 98 20 10
84 1 8 19
84 3 7 6
84 4 30 10
84 11 21 13
84 12 59 19
84 17 12 2
84 18 4 10
84 26 28 8
84 41 54 17
84 43 7 20
84 75 49 5
84 90 62 16
84 95 11 18
84 96 44 20
84 97 14 11
85 15 10 16
85 18 17 4
85 22 9 20
85 41 24 18
85 56 25 4
85 73 44 12
85 79 14 15
85 83 40 9
85 84 34 18
85 90 57 15
85 95 33 11
86 8 17 20
86 14 51 17
86 30 48 8
86 40 23 3
86 64 18 13
86 77 45 16
87 23 23 6
87 65 14 9
87 66 51 20
87 88 15 6
88 28 20 12
88 29 31 17
88 49 37 11
88 76 35 1
88 82 33 16
88 90 3 19
89 11 37 10
89 17 44 2
89 19 40 6
89 50 26 20
89 55 32 12
89 61 12 10
89 68 49 7
89 96 59 5
90 11 20 8
90 18 43 16
90 32 24 19
90 45 43 14
90 66 50 8
90 73 55 8
90 76 26 5
90 83 53 20
90 96 6 13
90 98 18 13
90 99 45 10
91 0 49 7
91 7 51 4
91 53 61 4
91 55 9 18
91 57 52 20
91 59 3 14
91 67 27 2
92 14 49 12
92 38 60 11
92 40 14 5
92 46 5 8
92 48 51 10
92 77 62 6
92 86 26 20
93 15 25 14
93 25 49 10
93 41 33 16
93 54 33 14
93 66 34 19
93 73 4 2
93 75 25 6
93 84 14 19
93 90 63 15
94 1 27 5
94 26 5 5
94 41 57 9
94 56 37 17
94 74 34 2
94 76 18 13
94 79 32 4
94 80 13 8
94 84 45 20
94 85 34 11
94 93 19 17
94 97 19 17
94 98 54 16
95 1 4 15
95 3 31 10
95 5 44 19
95 9 48 16
95 26 17 2
95 27 26 16
95 35 61 2
95 43 15 7
95 93 1 5
96 2 5 19
96 12 58 4
96 24 52 14
96 34 52 20
96 58 59 14
96 85 16 2
96 93 60 4
97 1 35 19
97 15 56 19
97 32 32 15
97 43 22 18
97 56 44 4
97 79 33 18
97 83 46 11
97 90 30 19
97 93 32 2
98 1 30 11
98 23 17 13
98 28 36 16
98 31 13 7
98 32 16 15
98 41 19 9
98 45 26 9
98 87 64 6
98 88 30 15
98 97 63 11
98 99 25 6
99 36 51 9
99 49 18 12
99 63 52 1
99 66 21 15
99 76 38 20
99 80 55 19
99 88 40 12
