0 20 1 4
0 21 4 2
0 26 6 3
0 41 1 3
0 44 5 3
0 46 8 4
0 47 5 1
0 51 7 1
0 63 4 1
0 65 4 2
0 76 7 5
0 78 5 4
0 82 6 3
0 83 7 2
0 89 7 5
1 7 8 1
1 24 2 1
1 28 3 5
1 36 4 2
1 57 7 4
1 81 6 2
1 86 2 4
2 12 5 4
2 25 7 1
2 58 6 3
2 62 3 4
2 77 5 1
2 97 2 5
3 2 4 1
3 4 6 1
3 25 3 5
3 30 5 4
3 58 4 3
3 61 4 2
3 69 1 5
3 70 8 1
4 2 1 4
4 9 3 4
4 12 2 5
4 30 8 3
4 59 8 4
4 68 3 5
4 69 4 4
4 72 6 4
5 8 6 2
5 14 6 2
5 23 4 3
5 61 4 1
5 64 4 2
5 66 1 2
5 73 4 5
5 78 3 4
5 83 1 3
5 87 8 2
5 97 3 3
6 22 8 1
6 39 7 1
6 87 4 1
6 89 7 4
7 10 3 4
7 13 8 4
7 19 1 4
7 24 7 1
7 28 6 4
7 42 6 4
7 49 6 4
7 75 2 2
7 88 5 3
7 92 2 5
7 94 7 5
8 0 3 2
8 31 1 3
8 39 1 2
8 51 1 2
8 53 8 3
8 57 7 1
8 87 5 2
8 89 7 5
9 3 6 3
9 27 5 5
9 40 8 1
9 58 8 1
9 59 4 2
9 61 6 2
9 69 3 5
10 1 4 1
10 24 6 4
10 32 7 2
10 35 2 5
10 50 3 1
10 81 3 2
10 88 3 3
11 5 5 4
11 6 7 3
11 8 3 3
11 14 4 1
11 26 1 1
11 29 1 1
11 51 2 1
11 67 7 1
11 73 2 1
11 83 6 1
11 87 3 4
11 89 7 2
11 96 6 3
12 3 1 4
12 25 1 1
12 40 3 4
12 61 1 2
12 97 3 3
13 28 7 4
13 36 4 1
13 43 4 5
13 50 5 5
13 60 4 1
13 61 3 3
13 75 7 1
13 90 8 4
13 95 7 4
14 6 7 1
14 8 3 4
14 16 6 1
14 53 2 2
14 56 7 4
14 66 6 5
14 67 1 2
14 74 5 3
14 87 2 1
15 10 2 4
15 21 5 1
15 41 2 2
15 44 4 5
15 46 8 2
16 0 3 3
16 5 3 1
16 8 4 1
16 22 3 3
16 23 2 5
16 39 5 5
16 44 4 1
16 53 5 3
16 56 7 5
16 73 4 2
16 83 1 3
16 87 1 2
16 89 4 4
17 6 5 3
17 11 5 2
17 14 4 4
17 23 3 1
17 39 4 1
17 64 2 2
17 85 7 1
17 87 2 4
17 99 7 3
18 1 7 1
18 7 1 2
18 19 1 3
18 34 7 3
18 54 2 3
18 75 3 4
18 81 7 4
18 88 3 3
18 92 2 4
18 93 5 3
19 1 2 5
19 52 7 2
19 54 8 2
19 75 3 3
19 81 8 2
19 86 1 1
19 91 4 4
20 21 6 5
20 22 2 2
20 31 4 1
20 37 3 5
20 41 3 2
20 44 3 4
20 51 8 5
20 71 4 2
21 39 5 1
21 41 4 4
21 55 3 1
21 76 1 5
22 11 3 3
22 17 4 3
22 37 7 2
22 45 1 3
22 51 6 1
22 53 5 5
22 65 1 3
22 66 6 1
22 76 7 2
22 78 1 1
22 89 2 3
23 11 1 2
23 14 7 5
23 56 2 2
23 78 6 3
23 87 5 1
23 97 2 3
23 99 4 2
24 13 5 1
24 35 5 3
24 36 5 5
24 57 6 4
24 75 8 4
24 79 4 1
24 81 2 5
24 91 4 2
25 4 7 1
25 9 4 1
25 13 2 1
25 27 3 2
25 30 3 4
25 33 1 3
25 42 6 3
25 58 4 3
25 62 1 2
25 70 1 5
25 72 4 4
26 5 1 2
26 6 5 5
26 14 3 2
26 16 4 2
26 22 1 1
26 45 2 1
26 53 8 5
26 56 2 5
26 64 6 4
26 73 2 5
26 76 5 5
26 78 4 4
26 83 1 3
26 98 4 1
26 99 4 5
27 2 7 1
27 3 7 3
27 12 6 3
27 30 8 2
27 59 5 3
27 61 3 2
27 68 6 3
27 70 8 5
27 72 8 2
27 95 8 5
28 24 7 4
28 38 1 4
28 50 3 4
28 60 6 3
28 75 6 5
28 88 7 2
28 90 3 4
29 6 4 1
29 17 6 4
29 31 7 3
29 45 8 1
29 78 6 3
29 83 7 1
29 87 8 4
29 98 3 1
30 2 4 5
30 9 6 3
30 58 1 2
30 62 2 1
30 68 8 3
30 69 3 4
30 70 5 1
31 0 2 2
31 16 5 3
31 22 6 1
31 26 1 3
31 37 4 3
31 41 7 1
31 44 3 4
31 55 6 5
31 64 2 3
31 65 3 2
31 83 7 4
32 0 8 2
32 15 7 1
32 21 8 5
32 24 1 1
32 41 1 5
32 44 5 4
32 46 6 5
32 81 7 4
32 82 4 2
33 9 6 4
33 27 4 1
33 49 3 3
33 57 4 2
33 58 4 5
33 62 5 3
33 72 5 5
33 86 1 4
34 1 2 5
34 19 8 3
34 36 6 2
34 43 4 1
34 49 6 4
34 52 5 4
34 86 2 5
34 94 2 5
35 1 4 1
35 7 1 2
35 18 4 4
35 50 6 2
35 54 5 2
35 92 3 1
35 93 8 4
36 7 5 2
36 28 5 4
36 50 6 1
36 57 2 3
36 79 7 1
36 81 4 1
36 84 7 4
37 0 7 3
37 21 7 4
37 45 2 2
37 47 2 1
37 55 2 5
37 82 7 5
38 7 8 4
38 18 4 1
38 19 7 1
38 34 3 2
38 36 4 2
38 43 2 3
38 52 8 2
38 84 3 1
38 90 1 2
38 93 5 1
39 11 2 2
39 20 3 3
39 29 8 3
39 31 6 4
39 37 6 3
39 45 6 5
39 46 1 5
39 47 4 1
39 53 5 1
39 65 4 1
39 98 4 3
40 4 7 4
40 25 6 4
40 27 2 1
40 30 3 1
40 33 6 4
40 60 6 2
40 61 3 2
40 62 2 4
40 70 5 5
40 84 5 5
41 44 7 1
41 47 2 5
41 55 7 4
41 82 7 4
42 9 8 1
42 13 4 5
42 24 3 2
42 28 1 1
42 33 2 4
42 36 5 1
42 38 3 5
42 50 6 4
42 69 5 5
42 86 3 1
42 88 5 1
42 90 2 2
42 92 2 3
43 7 4 5
43 28 5 1
43 33 5 3
43 36 4 4
43 42 7 4
43 49 7 2
43 52 5 3
43 86 3 4
43 95 1 1
44 21 8 1
44 51 8 3
44 55 5 3
44 71 4 5
44 83 8 4
45 6 7 2
45 17 6 3
45 56 2 2
45 87 4 5
45 89 4 5
46 20 2 1
46 21 3 5
46 31 2 5
46 37 5 1
46 41 1 5
46 44 1 4
46 47 5 2
46 76 7 3
46 89 5 2
47 20 5 4
47 21 5 3
47 31 5 4
47 55 2 5
47 71 2 4
47 76 2 3
47 82 5 4
48 15 5 5
48 20 3 5
48 21 7 4
48 46 1 2
48 47 2 5
48 71 6 4
49 36 4 1
49 38 3 2
49 42 5 2
49 52 1 2
49 60 4 4
49 75 3 3
49 86 1 4
50 1 1 1
50 24 7 3
50 32 3 4
50 44 6 5
50 57 8 3
50 63 3 3
50 79 7 2
50 91 7 2
51 16 3 1
51 21 5 4
51 26 1 1
51 31 6 2
51 37 5 2
51 39 3 2
51 46 6 1
51 57 7 1
51 64 5 1
51 66 4 5
51 73 7 3
51 78 2 1
51 83 5 4
51 87 6 3
51 89 3 2
52 1 1 3
52 18 3 1
52 81 1 5
53 6 3 5
53 11 4 3
53 17 8 3
53 23 4 5
53 31 1 2
53 45 1 3
53 51 5 5
53 56 1 4
53 66 2 4
53 73 8 2
53 83 7 1
53 89 6 4
53 98 8 1
54 1 3 4
54 7 6 1
54 34 8 1
54 38 7 2
54 52 5 4
54 75 2 1
54 93 3 2
54 94 3 4
55 0 2 2
55 46 4 3
55 65 4 4
55 71 1 4
55 82 7 3
56 6 3 4
56 8 7 1
56 11 1 3
56 17 2 4
56 22 6 5
56 29 2 5
56 31 3 4
56 39 1 2
56 51 2 2
56 64 2 5
56 66 5 2
56 87 7 3
56 96 3 1
56 98 2 2
56 99 4 2
57 7 8 1
57 16 4 5
57 28 1 1
57 42 2 2
57 63 8 5
57 79 2 4
57 80 5 4
58 4 3 4
58 27 6 1
58 40 4 2
58 61 6 1
58 62 1 1
58 68 6 1
58 72 4 3
58 95 2 4
59 2 8 3
59 3 2 4
59 12 2 3
59 25 7 1
59 58 4 5
59 61 2 3
59 69 7 2
59 70 5 1
59 72 5 1
60 9 3 1
60 27 5 5
60 33 3 4
60 42 8 5
60 43 4 4
60 59 6 1
61 4 3 2
61 33 6 5
61 42 6 2
61 60 3 2
61 69 6 1
61 70 3 2
61 95 1 1
62 3 8 1
62 4 2 1
62 9 7 2
62 12 2 2
62 27 6 2
62 60 1 1
62 61 2 1
62 68 1 5
63 5 3 5
63 8 3 5
63 11 1 2
63 24 6 5
63 28 7 4
63 36 4 3
63 64 4 3
63 66 7 1
63 73 4 1
64 0 3 2
64 6 2 5
64 11 4 5
64 14 1 3
64 16 4 1
64 22 5 4
64 29 5 5
64 53 1 3
64 65 3 2
64 66 4 1
64 78 3 2
64 80 5 1
65 8 4 1
65 16 5 1
65 21 5 1
65 26 7 4
65 29 3 4
65 37 8 3
65 45 8 3
65 46 6 3
65 47 5 3
65 51 3 4
65 66 8 5
65 76 2 2
65 83 1 1
66 6 5 4
66 8 6 1
66 11 1 3
66 16 2 5
66 23 7 5
66 26 3 5
66 29 3 3
66 31 2 5
66 39 7 1
66 45 7 4
66 80 8 5
66 83 1 3
66 87 3 3
67 5 7 1
67 23 1 2
67 73 3 1
67 97 1 3
68 2 8 3
68 9 2 4
68 12 1 2
68 25 8 2
68 40 7 5
68 59 4 2
68 60 5 5
68 61 7 4
68 69 2 5
68 70 3 1
68 72 7 1
69 2 6 5
69 12 3 3
69 27 2 2
69 33 5 2
69 40 1 2
69 70 4 3
69 72 2 3
69 95 5 5
70 2 6 1
70 4 8 4
70 9 6 5
70 12 3 1
70 62 2 4
70 77 1 2
71 37 1 1
71 41 6 1
71 46 1 2
71 82 1 3
72 9 6 1
72 40 2 1
72 61 6 2
72 62 6 4
72 70 6 1
73 8 3 3
73 14 5 5
73 23 1 4
73 56 5 3
73 64 5 5
73 80 8 2
73 83 1 1
73 87 4 3
73 98 3 3
74 6 8 4
74 11 4 4
74 17 2 3
74 23 4 4
74 96 1 2
74 99 8 4
75 1 7 5
75 36 1 5
75 38 1 5
75 42 3 2
75 43 7 1
75 52 8 1
75 81 3 4
75 94 2 2
76 20 8 2
76 37 3 3
76 41 4 3
76 45 5 3
76 55 6 4
76 71 6 5
76 78 8 2
77 4 2 4
77 5 5 2
77 12 3 3
77 14 1 2
77 27 6 3
77 61 6 1
77 72 6 5
78 6 8 3
78 8 3 5
78 11 6 4
78 14 4 3
78 16 6 3
78 31 4 3
78 39 4 3
78 45 2 5
78 53 2 1
78 65 4 3
78 73 8 5
78 80 8 2
78 87 2 3
79 1 4 1
79 28 4 4
79 32 7 4
79 35 6 1
79 91 8 5
79 92 1 1
80 5 4 2
80 8 2 4
80 13 2 1
80 16 7 3
80 24 4 1
80 26 7 2
80 28 1 1
80 36 7 4
80 44 3 3
80 50 4 5
80 65 7 4
80 83 7 2
81 7 8 5
81 34 8 4
81 50 5 2
81 54 1 3
81 79 6 4
81 86 6 3
81 91 1 1
81 94 8 3
82 15 1 1
82 20 1 4
82 31 8 5
82 46 8 2
82 65 1 2
82 76 4 2
83 6 8 4
83 8 6 4
83 14 6 2
83 22 2 4
83 23 3 3
83 45 1 4
83 56 8 1
83 64 1 2
83 78 4 5
83 89 7 1
84 13 1 5
84 28 4 3
84 33 4 1
84 34 2 4
84 43 4 5
84 75 1 5
84 86 2 3
85 6 2 1
85 74 7 4
86 7 7 4
86 28 7 1
86 36 5 5
86 38 6 3
86 60 7 5
86 75 5 4
86 88 1 2
86 90 1 3
86 95 4 2
87 22 6 5
87 39 1 3
87 53 4 1
87 64 7 5
87 74 3 4
87 83 2 1
88 1 5 4
88 13 1 1
88 35 5 4
88 36 5 1
88 38 8 1
88 57 2 5
88 75 4 2
88 81 1 1
88 91 8 2
88 93 5 2
89 20 6 3
89 26 6 4
89 29 2 2
89 37 3 1
89 47 1 4
89 55 3 2
89 56 5 5
89 64 3 5
89 65 8 5
89 66 5 5
89 78 4 2
89 87 2 1
89 98 3 2
90 7 6 2
90 33 6 4
90 34 2 1
90 36 6 4
90 43 6 1
90 49 6 1
90 75 4 3
90 84 4 2
91 10 8 3
91 15 8 3
91 18 2 3
91 32 8 3
91 35 3 1
91 54 4 3
92 10 6 5
92 19 6 1
92 24 3 3
92 36 8 1
92 50 3 4
92 57 2 5
92 75 4 2
92 88 4 2
92 91 4 3
93 1 5 4
93 7 4 4
93 19 7 5
93 24 2 2
93 28 5 4
93 32 6 5
93 34 5 1
93 36 5 3
93 50 8 5
93 52 8 2
93 75 1 5
93 79 2 2
93 86 5 5
93 92 2 1
93 94 8 3
94 18 5 4
94 38 2 1
94 43 3 2
94 49 7 1
94 52 8 4
94 86 5 4
95 9 8 5
95 25 1 1
95 28 2 1
95 33 8 4
95 36 2 3
95 40 6 1
95 42 3 3
95 59 1 4
95 72 7 2
95 84 4 5
96 85 4 2
96 87 2 5
97 14 3 1
97 27 6 1
97 70 1 3
97 72 3 4
97 73 2 4
97 77 5 1
98 5 3 2
98 6 2 3
98 16 4 4
98 22 7 4
98 23 3 2
98 67 4 5
98 74 3 1
98 78 3 2
98 83 6 2
98 87 4 1
99 11 4 1
99 53 5 3
99 85 5 5
99 87 3 5
99 96 6 4
99 98 3 3
